2.519180159926185e-19
2.519180159926185e-19
3.58789855997583e-19
5.110232037561064e-19
7.278629629761309e-19
1.0367367682898605e-18
1.476722238920335e-18
2.103499248473875e-18
2.996409870442421e-18
4.268524655942095e-18
6.0809981197244054e-18
8.663545484287432e-18
1.2343658117340721e-17
1.7588299015346373e-17
2.506342923914958e-17
3.571902317742815e-17
5.091054027178827e-17
7.257257448740008e-17
1.0346723879020432e-16
1.4753968630464413e-16
2.104273694289419e-16
3.0019015685878543e-16
4.283581387603799e-16
6.114370679705667e-16
8.730741196851491e-16
1.2471781863052838e-15
1.7824228948627778e-15
2.5487572851031756e-15
3.646839109638402e-15
5.221734947273325e-15
7.482869307276422e-15
1.0733157512771893e-14
1.5411686394123396e-14
2.215646195198854e-14
3.1897009689786126e-14
4.599159068198156e-14
6.643142134197238e-14
9.614602821113291e-14
1.3946205148265795e-13
2.027961094465612e-13
2.9570660092144494e-13
4.324988975275995e-13
6.346882370265452e-13
9.347988493650364e-13
1.3822552514749288e-12
2.0525650011088032e-12
3.061703218011401e-12
4.588753040759667e-12
6.911701634036684e-12
1.0464276368129693e-11
1.59265451796182e-11
2.4369867063289815e-11
3.7489574372953454e-11
5.797962819263344e-11
9.013754215653045e-11
1.4084353517063276e-10
2.2114896514652323e-10
3.4885830575261e-10
5.52733545400091e-10
8.793512161558025e-10
1.4043011234044662e-09
2.2504981189016964e-09
3.6181569139399526e-09
5.833904301751809e-09
9.431313051732212e-09
1.528305541824231e-08
2.481789817093271e-08
4.037720048962321e-08
6.580087608335996e-08
1.0739091293960486e-07
1.7549629103579333e-07
2.8712086074778444e-07
4.7021558902123916e-07
7.707447121918999e-07
1.2643208069601159e-06
2.0753663527400895e-06
3.40867529270689e-06
5.601405793931697e-06
9.208739926850209e-06
1.5145024455367806e-05
2.491634711087901e-05
4.10038111905367e-05
6.749519367361174e-05
0.00011112600997009603
0.0001829954206128681
0.0003013945402330359
0.000496468461379765
0.0008179010761184871
0.0013475828901908958
0.002220493128082715
0.0036591225055753367
0.006030215514956363
0.009938297972699678
0.016379814812564696
0.026997077145953747
0.04449636756288058
0.0733353033511826
0.12084899082513986
0.19907887124233073
0.3276666388859994
0.5380676540089206
0.8780657263802389
1.4099492041919872
2.180726997015622
3.1415110847554306
4.1022985316651
4.873093583539004
5.405022756683915
5.745094258626233
5.955566016817811
6.084191397813498
6.162425324323832
6.209925824716068
6.238747494478958
6.256231324252523
6.26683646258072
6.273269006399778
6.277170625264191
6.2795371225909316
6.280972505079852
6.281843128497283
6.282371202142655
6.282691504691901
6.282885784807308
6.283003626426375
6.283075104332155
6.283118460226338
6.283144758557553
6.283160710461821
6.283170386595443
6.283176256039157
6.283179816438379
6.283181976211704
6.2831832863784856
6.283184081173874
6.283184563339292
6.283184855855971
6.283185033324452
6.283185140998337
6.283185206329587
6.283185245971667
6.283185270027503
6.28318528462633
6.283185293486736
6.283185298864898
6.283185302129762
6.283185304112001
6.283185305315694
6.283185306046754
6.283185306490856
6.283185306760704
6.283185306924716
6.283185307024436
6.283185307085085
6.2831853071219905
6.283185307144454
6.283185307158139
6.283185307166483
6.2831853071715695
6.283185307174676
6.283185307176574
6.283185307177737
6.283185307178447
6.283185307178883
6.2831853071791475
6.2831853071793144
6.2831853071794175
6.28318530717948
6.28318530717952
6.283185307179544
6.283185307179559
6.283185307179569
6.283185307179575
6.283185307179578
6.283185307179581
6.283185307179583
6.283185307179584
6.2831853071795845
6.2831853071795845
6.2831853071795845
6.2831853071795845
6.2831853071795845
6.2831853071795845
6.2831853071795845
6.2831853071795845
6.2831853071795845
6.2831853071795845
6.2831853071795845
6.2831853071795845
6.2831853071795845
6.2831853071795845
6.2831853071795845
6.2831853071795845
6.2831853071795845
6.2831853071795845
6.2831853071795845
6.2831853071795845
6.2831853071795845
6.2831853071795845
6.2831853071795845
6.2831853071795845
