1.7196438561033533e-16
1.7196438561033533e-16
2.392272682542221e-16
3.4049840474356287e-16
4.849069193781702e-16
6.905653000719829e-16
9.834474617716537e-16
1.4005467032746222e-15
1.994545969912424e-15
2.8404721239717133e-15
4.045172474859888e-15
5.760810518875175e-15
8.204085532702955e-15
1.1683603650767735e-14
1.66388576833319e-14
2.369573925796361e-14
3.3745595113577163e-14
4.805781332786455e-14
6.844016058581107e-14
9.74671233150968e-14
1.3880509557758297e-13
1.9767549017384724e-13
2.8151427196063664e-13
4.009112249578431e-13
5.709476022063209e-13
8.131011341596432e-13
1.1579590463712937e-12
1.6490818168645598e-12
2.3485057868795605e-12
3.3445797979333783e-12
4.763125931690956e-12
6.783334450704925e-12
9.660401270967028e-12
1.3757768371071034e-11
1.9593041193615754e-11
2.7903385801253358e-11
3.973867096743431e-11
5.659412803719268e-11
8.059929816199181e-11
1.1478715489667416e-10
1.634774315142716e-10
2.3282263140775644e-10
3.315857877769252e-10
4.722483759829379e-10
6.725885907200313e-10
9.579297888332524e-10
1.3643438391527596e-09
1.9432152166846606e-09
2.7677443487787513e-09
3.942214978738207e-09
5.615201597806247e-09
7.99839423327623e-09
1.139343329150753e-08
1.6230168606856372e-08
2.3121215839583572e-08
3.293976827080999e-08
4.6930602945288826e-08
6.686848464526932e-08
9.528427631997236e-08
1.357878117021629e-07
1.935291295851121e-07
2.75857676156939e-07
3.9326496179417117e-07
5.607334040249712e-07
7.996677716452731e-07
1.140663154027677e-06
1.6274755056154027e-06
2.3227233713810856e-06
3.3160856380209362e-06
4.736104403339861e-06
6.767205191010241e-06
9.674284505220133e-06
1.3838300412156689e-05
1.9807905732927144e-05
2.8374542768068378e-05
4.0681963860402834e-05
5.838644983254625e-05
8.389198349813147e-05
0.000120696709689538
0.00017390536514979107
0.0002509904001766831
0.00036292757076191085
0.0005258982204223632
0.0007638534412943734
0.0011123954433084155
0.0016246809862463614
0.0023804402163308627
0.0034998056000205427
0.0051645625657823924
0.0076507852124224115
0.011378668103252838
0.01698744020604743
0.025444125582297382
0.03818983812033671
0.05730366059907477
0.0855984055019247
0.12645417043486856
0.18328404905467208
0.2598459718216148
0.3662670835458282
0.5351720396350312
0.8331299614169
1.3417826797572698
2.111379940264758
3.0855684926352254
4.063417435897416
4.847098991656726
5.387109126209165
5.732356207589674
5.94639522577353
6.077581773158638
6.157674481936149
6.206522414322292
6.236316773990521
6.254499783307883
6.265605648904663
6.272395698392158
6.276551920415415
6.279099355555734
6.280663097742191
6.281624646052587
6.282217046348185
6.282582809520738
6.282809188147312
6.282949676063812
6.2830371208909
6.283091727966593
6.283125950641588
6.283147481420292
6.2831610837658785
6.283169715481496
6.283175218748365
6.283178744743816
6.283181015444533
6.283182485437572
6.283183442155992
6.283184068165063
6.283184479968561
6.2831847522873625
6.283184933288764
6.2831850541904215
6.28318513532674
6.283185190020677
6.283185227042651
6.28318525220011
6.283185269357803
6.283185281096288
6.283185289152562
6.283185294695734
6.28318529851931
6.283185301161746
6.283185302992375
6.283185304262855
6.283185305145172
6.283185305759322
6.283185306187385
6.283185306485981
6.2831853066941505
6.28318530683927
6.283185306941295
6.283185307011808
6.2831853070613395
6.283185307096129
6.283185307120291
6.283185307137099
6.283185307148922
6.28318530715727
6.2831853071632455
6.283185307167725
6.2831853071701556
6.283185307172439
6.283185307173773
6.283185307174883
6.283185307175971
6.283185307176097
6.28318530717618
6.2831853071771455
6.2831853071772406
6.283185307177251
6.283185307177251
6.283185307177251
6.283185307177251
6.283185307177251
6.283185307177251
6.283185307177251
6.283185307177251
6.283185307177251
6.283185307177251
6.283185307177251
6.283185307177251
6.283185307177251
6.283185307177251
6.283185307177251
6.283185307177251
6.283185307177251
6.283185307177251
6.283185307177251
6.283185307177251
6.283185307177251
6.283185307177251
6.283185307177251
