7.252602531070406e-15
7.252602531070406e-15
8.264531280740303e-15
1.0359188993737347e-14
1.3767333154329057e-14
1.8911633465634544e-14
2.6434474814739392e-14
3.729775406737966e-14
5.29070516125224e-14
7.524647240868283e-14
1.0712333475983315e-13
1.525458225399962e-13
2.1724097277794508e-13
3.093765462625849e-13
4.4058895957683843e-13
6.274511207802486e-13
8.935650956614606e-13
1.2725430837986264e-12
1.8122528681410021e-12
2.5808638755680414e-12
3.675457493364184e-12
5.234289187823818e-12
7.454251224779737e-12
1.0615741668883265e-11
1.5118080809706624e-11
2.1529948386329792e-11
3.0661212228750125e-11
4.3665220842667194e-11
6.21844803081831e-11
8.855811565904167e-11
1.2611732080467267e-10
1.7960611475586925e-10
2.5578054918310046e-10
3.642620523094484e-10
5.187526938492189e-10
7.387658696736976e-10
1.0520910072994985e-09
1.498303607338793e-09
2.1337639726244604e-09
3.0387360137758127e-09
4.327525309149674e-09
6.162916964136148e-09
8.776736932361374e-09
1.2499133934611615e-08
1.7800280644353098e-08
2.5349761547812625e-08
3.610114899879415e-08
5.141245069773215e-08
7.321764306879619e-08
1.0427095822435335e-07
1.484947826554528e-07
2.1147511458155344e-07
3.0116716771793966e-07
4.289002573322674e-07
6.108089143748413e-07
8.698710229768206e-07
1.2388104708141846e-06
1.7642310335476386e-06
2.5125037900519134e-06
3.5781519504756012e-06
5.09579258796709e-06
7.257144303417331e-06
1.0335250170739759e-05
1.4718977399626958e-05
2.096215440453676e-05
2.9853556793350704e-05
4.2516590449747456e-05
6.0551276183202186e-05
8.623649198122261e-05
0.00012281805329921217
0.00017491907393249635
0.0002491245223837077
0.0003548139194171782
0.0005053474637514137
0.000719755373757265
0.0010251431637826425
0.0014601138151370686
0.0020796293323485857
0.002961895101724541
0.004218044468882441
0.006005576730863622
0.008546470141193913
0.012150078608569922
0.017237774968796752
0.024357118066172617
0.03415082007109204
0.04720095801742403
0.06360808272868733
0.08216310147580685
0.09924588186410888
0.10841318625561513
0.10268318050052322
0.08073783448269496
0.0530758803293617
0.03839269446522638
0.04729523278413057
0.06923797423444832
0.07783857019187906
0.04574650238337291
-0.04036390004058093
-0.16318672673548518
-0.2732846018816814
-0.31726864254541404
-0.26404490186250174
-0.09449353879747009
0.22757196411237088
0.7966867511731066
1.7619957570695692
3.1416138004567498
4.428924748079551
5.276107895879164
5.751735872703182
6.003613088143383
6.133140450236245
6.1988984534199005
6.232845651204367
6.2513312502707095
6.262175600669494
6.26898569447815
6.273464353454228
6.276486225788602
6.278551656486072
6.2799726515644725
6.280953927086796
6.281633241320743
6.282104415700153
6.2824317449131755
6.282659456434887
6.282818057828297
6.282928640304008
6.283005813467332
6.283059714473022
6.283097387774201
6.283123735161585
6.28314217147549
6.283155078108062
6.283164117261882
6.283170450053939
6.283174888134685
6.2831779992077745
6.283180180556113
6.283181710324436
6.283182783327765
6.283183536062242
6.283184064188338
6.28318443477049
6.283184694826928
6.283184877339956
6.283185005441337
6.2831850953553365
6.283185158469513
6.283185202774029
6.283185233876908
6.283185255711896
6.2831852710415355
6.283185281804162
6.283185289360921
6.283185294665637
6.283185298390514
6.283185301006665
6.283185302842321
6.283185304131652
6.2831853050365405
6.283185305672011
6.2831853061177085
6.2831853064310215
6.283185306652021
6.283185306807589
6.283185306918222
6.2831853069952786
6.28318530704986
6.283185307090068
6.283185307113576
6.283185307132461
6.283185307144869
6.2831853071554935
6.283185307160814
6.283185307162663
6.283185307162751
6.283185307168954
6.283185307172151
6.283185307171719
6.283185307170764
6.283185307170187
6.283185307170279
6.283185307170279
6.283185307170279
6.283185307170279
6.283185307170279
6.283185307170279
6.283185307170279
6.283185307170279
6.283185307170279
6.283185307170279
6.283185307170279
6.283185307170279
6.283185307170279
6.283185307170279
6.283185307170279
6.283185307170279
6.283185307170279
