6.4608881081839604e-15
6.4608881081839604e-15
7.36436199998218e-15
9.226933817375034e-15
1.224814823068292e-14
1.679083086559775e-14
2.342707560716521e-14
3.2989260519550306e-14
4.670288993530422e-14
6.633665336787727e-14
9.438594584114594e-14
1.3438420793492014e-13
1.9136925092353596e-13
2.72530186761569e-13
3.881149444327386e-13
5.527218032396529e-13
7.871416387731295e-13
1.1209834071283068e-12
1.5964138395649549e-12
2.2734833928402135e-12
3.2377110737091957e-12
4.610886139743868e-12
6.5664510111383726e-12
9.351408373722573e-12
1.3317519510326941e-11
1.8965734453228862e-11
2.7009465834543286e-11
3.8464698421664235e-11
5.477831588932189e-11
7.801085352974517e-11
1.1109676004969625e-10
1.5821504165402046e-10
2.253171038421559e-10
3.208784617873784e-10
4.5696926676549455e-10
6.507788654791304e-10
9.267869577403627e-10
1.3198555896101033e-09
1.879632529832011e-09
2.6768222187915406e-09
3.812116373916664e-09
5.428912280417641e-09
7.731425226385951e-09
1.10104828904021e-08
1.568025982441983e-08
2.2330592067361436e-08
3.18014799382599e-08
4.5289189799318887e-08
6.4497357108678e-08
9.18521776481504e-08
1.3080886955860668e-07
1.862881185389911e-07
2.6529763894242403e-07
3.778173691988201e-07
5.380601258616012e-07
7.662669751476427e-07
1.091264138346935e-06
1.5541044657134765e-06
2.2132535533191176e-06
3.1519757609700613e-06
4.4888533909958355e-06
6.392768256122142e-06
9.104238870566905e-06
1.2965809872581199e-05
1.8465334650445213e-05
2.62976222735364e-05
3.745224197825055e-05
5.333858642467451e-05
7.59640070955751e-05
0.00010818754688032283
0.00015408135185062132
0.00021944544403263808
0.00031254086327757913
0.00044513357120214977
0.0006339800807856658
0.0009029394189772768
0.0012859686442792749
0.00183135157165622
0.0026076104247920126
0.003711603062258958
0.005279134468757497
0.0074974920797007336
0.010616298372394355
0.014944855469696986
0.020805012083865315
0.028372653866762233
0.03729820949374615
0.04601744517403338
0.05093249453244925
0.04635884065042986
0.026940116214646124
-0.006625062817361724
-0.04224581150831442
-0.060041039470459474
-0.04746938247709944
-0.011758956611235674
0.024778283956927112
0.03674611591769323
0.0019070055806987424
-0.08989889902238625
-0.22101627211234226
-0.3433266029008501
-0.40583104286738814
-0.38180523590405785
-0.2638547878535323
-0.03429676041977923
0.36722565260627726
1.0583342887048708
2.219379855716992
3.6710356789295973
4.821605859874861
5.512153042254543
5.885853287397511
6.080384653093957
6.178650503871217
6.227118850492436
6.251072611144524
6.263445381048704
6.2703631792755905
6.2745697791246124
6.277292364492842
6.279119298695176
6.280367547069665
6.281227759980882
6.281823127652143
6.282236229708721
6.2825233654963535
6.282723219970819
6.282862484985886
6.282959626213447
6.2830274439060645
6.283074825811134
6.283107951906951
6.283131124747946
6.283147343119323
6.283158699121813
6.283166653555989
6.283172227165965
6.28317613367126
6.283178872394724
6.283180792842004
6.283182139745701
6.283183084548692
6.283183747385677
6.2831842124622685
6.283184538817486
6.283184767847735
6.283184928590744
6.283185041413538
6.283185120605837
6.283185176195356
6.283185215218486
6.28318524261456
6.283185261847574
6.283185275350392
6.28318528483167
6.283185291488204
6.283185296160953
6.283185299441329
6.28318530174671
6.283185303364089
6.283185304499293
6.28318530529646
6.283185305854922
6.2831853062479555
6.283185306524135
6.283185306718226
6.283185306856183
6.283185306954536
6.283185307020736
6.28318530707124
6.283185307104051
6.283185307125031
6.283185307139577
6.283185307150227
6.283185307159789
6.2831853071631025
6.283185307167853
6.283185307168055
6.283185307171636
6.283185307174694
6.283185307177219
6.283185307177173
6.283185307176817
6.283185307176386
6.283185307176375
6.283185307176375
6.283185307176375
6.283185307176375
6.283185307176375
6.283185307176375
6.283185307176375
6.283185307176375
6.283185307176375
6.283185307176375
6.283185307176375
6.283185307176375
6.283185307176375
6.283185307176375
6.283185307176375
6.283185307176375
