5.226972714450687e-15
5.226972714450687e-15
5.982615741043593e-15
7.527200341663385e-15
1.0021196083258414e-14
1.3752943590374643e-14
1.918362336656126e-14
2.699685506967212e-14
3.8172804312840794e-14
5.414357921480619e-14
7.696361367468267e-14
1.0953251397971258e-13
1.5595845983118235e-13
2.220942957748532e-13
3.1628637337011894e-13
4.5042894862779403e-13
6.414643566873153e-13
9.135216000221944e-13
1.3009635217779838e-12
1.8527269580123547e-12
2.638503803011573e-12
3.757543620673617e-12
5.351189620040933e-12
7.620731381846782e-12
1.0852829273357109e-11
1.5455721853084887e-11
2.2010789544198377e-11
3.134598747512815e-11
4.46404226382174e-11
6.35732842987532e-11
9.05359387689969e-11
1.289339778503964e-10
1.8361737216124753e-10
2.614930613260514e-10
3.7239735639293605e-10
5.30338346485992e-10
7.552652366800696e-10
1.0755881005477946e-09
1.5317663156567975e-09
2.1814189359386473e-09
3.106602491826525e-09
4.424175479546443e-09
6.300558686298265e-09
8.972755747111442e-09
1.2778289079654163e-08
1.8197832482099358e-08
2.5915925461428975e-08
3.690743838013727e-08
5.2560710298351345e-08
7.485291386543743e-08
1.0659979901088043e-07
1.5181136298206993e-07
2.1619837554411202e-07
3.078937455498257e-07
4.3847985653330624e-07
6.244516540037676e-07
8.893003204060557e-07
1.2664807826050143e-06
1.8036379709865014e-06
2.568625804128475e-06
3.6580794146704103e-06
5.209623800985552e-06
7.419261683540958e-06
1.0566137981597138e-05
1.5047810790979044e-05
2.1430486951358122e-05
3.052057214879951e-05
4.346657996368707e-05
6.190428099653642e-05
8.816343370392625e-05
0.00012556220178719005
0.0001788263753166974
0.0002546860617043905
0.00036272425552912995
0.0005165814830422738
0.0007356597123509248
0.0010475143761796465
0.0014911601381567237
0.0021214887524539845
0.0030147385538103902
0.004274001470785979
0.006030936549198516
0.008432602170190966
0.011586204192472636
0.015406202809938603
0.019279929742389186
0.021504380567055358
0.018701490364240604
0.006030360346877952
-0.020380480173219844
-0.05825883773020871
-0.09472520828221169
-0.11001096721958821
-0.09150326597777145
-0.04518650552298818
0.009506703522171827
0.051955602317694236
0.06291100512240773
0.023619720488044726
-0.0753388712418324
-0.21692205229751887
-0.35367022580931023
-0.43563849830093376
-0.4396696565416992
-0.36474916045491257
-0.2044569277935026
0.06693481566019242
0.5462220327597395
1.372740666888946
2.7191326253191397
4.146997147204829
5.133152696334159
5.688701001589483
5.982743159674055
6.134256159634723
6.209775123493545
6.246058017052175
6.263183403401638
6.2714740900901385
6.275799761865004
6.278291743390086
6.279854831163387
6.280889229042334
6.281592841992686
6.282077564041326
6.282413435169986
6.282646844852388
6.282809333219788
6.282922590466943
6.283001611475975
6.28305679198366
6.2830953527737075
6.283122316649172
6.283141181764884
6.283154387004698
6.283163634321195
6.283170112363708
6.283174651878752
6.283177833837509
6.2831800647537905
6.283181629204887
6.283182726486627
6.283183496223913
6.283184036259757
6.283184415186046
6.283184681093976
6.283184867709631
6.283184998686637
6.283185090616988
6.283185155146938
6.283185200443217
6.2831852322436434
6.283185254566975
6.283185270240097
6.283185281244029
6.283185288970247
6.283185294395383
6.283185298204236
6.2831853008772205
6.283185302754913
6.283185304073437
6.283185304997872
6.2831853056470255
6.283185306102111
6.283185306421672
6.283185306646797
6.283185306805535
6.283185306917985
6.283185306996685
6.283185307053484
6.283185307091846
6.283185307116119
6.2831853071363755
6.28318530714732
6.283185307157
6.283185307158016
6.283185307165812
6.2831853071716015
6.283185307176406
6.283185307173957
6.283185307174304
6.283185307177437
6.283185307179596
6.283185307179903
6.283185307179413
6.283185307179209
6.283185307179167
6.283185307179167
6.283185307179167
6.283185307179167
6.283185307179167
6.283185307179167
6.283185307179167
6.283185307179167
6.283185307179167
6.283185307179167
6.283185307179167
6.283185307179167
6.283185307179167
6.283185307179167
6.283185307179167
