3.720278073066217e-15
3.720278073066217e-15
4.305329681360471e-15
5.48783635134485e-15
7.376882229184345e-15
1.0187796593109954e-14
1.4252647723788415e-14
2.0078650530137776e-14
2.8395006500052826e-14
4.024325282496039e-14
5.714078066189634e-14
8.125804895097612e-14
1.156593281854366e-13
1.6468723830214593e-13
2.3452587460991816e-13
3.3399051402440725e-13
4.756417470156104e-13
6.773703781266114e-13
9.64656050014555e-13
1.3737850706752723e-12
1.9564335215279328e-12
2.7861943103145564e-12
3.967872510410193e-12
5.650723040550476e-12
8.047302702594613e-12
1.1460317735687978e-11
1.6320857942837153e-11
2.3242846660891945e-11
3.310058403644693e-11
4.713917794265596e-11
6.713181085207496e-11
9.560370675160702e-11
1.3615108696798051e-10
1.9389540168869843e-10
2.7613021047581715e-10
3.932424183710342e-10
5.600242278326902e-10
7.975415178743964e-10
1.1357946439864084e-09
1.617507743226777e-09
2.3035251710504904e-09
3.2804966949676844e-09
4.671822166791316e-09
6.6532381074347886e-09
9.475014972334589e-09
1.349356888652555e-08
1.921648082658628e-08
2.7366609802879956e-08
3.897339850088928e-08
5.55029047650423e-08
7.904298418935907e-08
1.1256701592744519e-07
1.6030948583384898e-07
2.2830087178094856e-07
3.251294008595131e-07
4.630259100655207e-07
6.594088628000366e-07
9.390847116251439e-07
1.3373816007773097e-06
1.9046123354591703e-06
2.712430515827192e-06
3.8628829748455474e-06
5.501302413891336e-06
7.834669470741168e-06
1.1157764711502043e-05
1.5890415496027306e-05
2.2630544414395226e-05
3.2229721050176726e-05
4.59007557241011e-05
6.537090014369277e-05
9.309991163910394e-05
0.00013259021809605
0.00018882741840571004
0.00026890394742916244
0.00038289643376580797
0.0005450836306994917
0.0007755898938242737
0.0011024657813917262
0.0015639193223595817
0.0022094792223439717
0.0030963042610642802
0.004270538498622835
0.005710222402220949
0.00718434030999149
0.007965686289771158
0.006381899448361229
-0.0005747647033482873
-0.016842985160621844
-0.044921210391780035
-0.08127653310186957
-0.11274627842693788
-0.12043263952985599
-0.09276402556992963
-0.03591100192770845
0.03195822791271633
0.09410069005510979
0.13739985790290513
0.14634029726634798
0.10273947469573043
-0.00352804225814971
-0.15580599207010418
-0.3069358872303647
-0.40819260657463463
-0.4386192350318893
-0.39891004437231903
-0.29627611768123685
-0.11383392367960835
0.19719083755723155
0.7530919717672658
1.7444127370583673
3.2266955865488876
4.552628469378269
5.37540775541925
5.819943631392064
6.052340055246311
6.171566231433664
6.230528194448525
6.258282916505083
6.270836662071628
6.276497265216297
6.279192470202432
6.2806169764575825
6.281459581343201
6.282000643442688
6.282364230104852
6.2826137993560875
6.282786689799567
6.2829069479502415
6.282990765731571
6.283049256708236
6.283090109964877
6.2831186645861505
6.283138635208467
6.283152609721829
6.283162392946026
6.283169244699407
6.283174045053152
6.28317740921112
6.283179767484475
6.283181421009955
6.283182580624474
6.283183394001012
6.283183964603883
6.283184364945186
6.283184645859745
6.283184842995388
6.283184981346948
6.283185078452117
6.283185146611609
6.283185194454526
6.283185228039378
6.28318525161633
6.283185268169152
6.283185279789353
6.283185287948881
6.283185293677845
6.283185297700977
6.283185300526022
6.28318530250878
6.283185303899827
6.283185304876052
6.283185305561941
6.283185306042623
6.283185306380524
6.283185306616603
6.283185306783411
6.283185306901565
6.283185306984002
6.283185307042453
6.28318530708435
6.28318530710984
6.283185307129823
6.283185307143714
6.283185307155729
6.283185307157631
6.283185307159977
6.283185307167167
6.283185307173583
6.283185307176421
6.283185307175369
6.283185307173629
6.283185307173649
6.283185307176065
6.283185307178131
6.283185307178182
6.283185307177643
6.283185307177607
6.283185307177607
6.283185307177607
6.283185307177607
6.283185307177607
6.283185307177607
6.283185307177607
6.283185307177607
6.283185307177607
6.283185307177607
6.283185307177607
6.283185307177607
6.283185307177607
6.283185307177607
6.283185307177607
