2.15566139944822e-15
2.15566139944822e-15
2.56977602499365e-15
3.3891873481598516e-15
4.675942485280518e-15
6.5662494427513605e-15
9.279251951358904e-15
1.3136804457159062e-14
1.8620726660902768e-14
2.6411126499576335e-14
3.748033014157553e-14
5.324602883008463e-14
7.573357998646183e-14
1.0780149398158554e-13
1.5349993189072405e-13
2.1859457517643105e-13
3.1130255973296257e-13
4.43331400750645e-13
6.313565937947397e-13
8.991269416895792e-13
1.2804638189945084e-12
1.823532949111389e-12
2.596928072641653e-12
3.698334853718118e-12
5.266869324209244e-12
7.500649303027332e-12
1.0681818196973605e-11
1.5212181884870658e-11
2.1663959904253577e-11
3.085206121836662e-11
4.393701357070623e-11
6.257154723615105e-11
8.910934789292319e-11
1.2690234582829816e-10
1.8072409159681108e-10
2.573726940826308e-10
3.6652947727354444e-10
5.219818117069213e-10
7.433645752744323e-10
1.0586402061195471e-09
1.507630602084412e-09
2.147046980669696e-09
3.0576530226098085e-09
4.354466081021523e-09
6.2012849835284685e-09
8.83137946073796e-09
1.257695453476701e-08
1.7911111611914726e-08
2.550760656163385e-08
3.632595313998257e-08
5.173262172251052e-08
7.367364291574623e-08
1.0492041925464453e-07
1.4941979626790164e-07
2.1279261514384634e-07
3.030437272091746e-07
4.315731656033609e-07
6.146162176824419e-07
8.752943308457119e-07
1.2465359625995814e-06
1.775236405581268e-06
2.5281821687020394e-06
3.6004884505892786e-06
5.127615739663028e-06
7.302483617284632e-06
1.0399843165463989e-05
1.4810984109862983e-05
2.1093151051250504e-05
3.003987859753665e-05
4.27810297534742e-05
6.092487352667661e-05
8.675926246512923e-05
0.00012353473722635455
0.00017585782961980988
0.0002502226729767214
0.0003556863638029515
0.0005045986742361286
0.0007129919290158872
0.0009993638876379873
0.0013782971169004137
0.0018399432157922397
0.002295435230241752
0.0024517602610717227
0.0015715825426020225
-0.001873935619466578
-0.010436081602564219
-0.02715109146514709
-0.05328466984595757
-0.08432326640503456
-0.10719041847214217
-0.104321482658284
-0.06581161977116973
0.0011853609689846177
0.0787000940399215
0.1524663676905652
0.21493634995760968
0.2572728214766324
0.2643406048414115
0.21703819715870729
0.10471886383435278
-0.05602078260191422
-0.2188140285113624
-0.3364300805089651
-0.3879431393158185
-0.3787911301644703
-0.3188938465376395
-0.20226763065788156
-0.010808840223746629
0.3489885011763442
0.9870898180895362
2.1709663174494453
3.709030748414253
4.886947912666105
5.562458554743626
5.917736563722327
6.102439666663616
6.197270180645313
6.2440931053469555
6.265872682394957
6.275407823347949
6.279432393517399
6.281156715174701
6.28196009275004
6.282387077080517
6.282643985060417
6.282811494467213
6.282925204840994
6.283003751152314
6.283058393273773
6.283096518457904
6.283123156646285
6.283141784136971
6.283154817617189
6.2831639413798115
6.283170330853835
6.283174807057607
6.2831779438746365
6.283180142672968
6.283181684314853
6.283182765423461
6.283183523710129
6.283184055649703
6.283184428855938
6.283184690726903
6.283184874491397
6.283185003459423
6.283185093973787
6.28318515750711
6.283185202105096
6.283185233411044
6.283185255387322
6.283185270814859
6.283185281647175
6.283185289251834
6.283185294590873
6.283185298341021
6.283185300974587
6.283185302823468
6.283185304120959
6.283185305031691
6.283185305668866
6.283185306117219
6.283185306432633
6.283185306652617
6.283185306808009
6.283185306916311
6.2831853069928085
6.283185307046518
6.283185307085514
6.283185307108315
6.283185307127413
6.283185307140976
6.283185307148985
6.283185307156732
6.283185307157783
6.283185307164492
6.2831853071699735
6.283185307170033
6.28318530716993
6.283185307173055
6.283185307171588
6.283185307169771
6.283185307169207
6.283185307170909
6.283185307172364
6.283185307172614
6.283185307172324
6.283185307172289
6.283185307172289
6.283185307172289
6.283185307172289
6.283185307172289
6.283185307172289
6.283185307172289
6.283185307172289
6.283185307172289
6.283185307172289
6.283185307172289
6.283185307172289
6.283185307172289
6.283185307172289
