7.607315500798046e-16
7.607315500798046e-16
1.0259628006492072e-15
1.5273315199500143e-15
2.290380197807459e-15
3.3813108040520885e-15
4.920824735887351e-15
7.083922439437659e-15
1.0125275171851337e-14
1.4422533229843474e-14
2.0499904192719044e-14
2.91104244764935e-14
4.1358871716894054e-14
5.882351707877872e-14
8.372798055917994e-14
1.1921928449821345e-13
1.6977559051182748e-13
2.4177863915427214e-13
3.4432106606317535e-13
4.903540810170544e-13
6.983225656434613e-13
9.944944640245073e-13
1.4162785130014963e-12
2.0169492207180824e-12
2.8723758347844213e-12
4.090605202891813e-12
5.825508910488416e-12
8.296218433013723e-12
1.181480311217056e-11
1.682568689840525e-11
2.3961782500106747e-11
3.412443312110127e-11
4.8597259054329836e-11
6.920828885668646e-11
9.856085356181872e-11
1.4036240772345464e-10
1.9989281005621514e-10
2.846712113494971e-10
4.0540578314570833e-10
5.773462459193616e-10
8.222100326624166e-10
1.1709253791768654e-09
1.667537817866909e-09
2.374773500946558e-09
3.3819620531743296e-09
4.816319687397863e-09
6.859017753735434e-09
9.768066348109532e-09
1.3910903429968084e-08
1.981080582773922e-08
2.821298440170271e-08
4.0178712027482917e-08
5.7219374043357537e-08
8.148737367432806e-08
1.1604800675313836e-07
1.652666480328841e-07
2.3536015758557934e-07
3.3518216021268877e-07
4.773413936684984e-07
6.797943934657093e-07
9.681136933212077e-07
1.3787180249817861e-06
1.9634724314949294e-06
2.7962389732868895e-06
3.982204247544843e-06
5.6711581545874525e-06
8.07638995974555e-06
1.1501555378786904e-05
1.637881173509116e-05
2.3322757570027053e-05
3.320617791519131e-05
4.726481881686568e-05
6.723767825083963e-05
9.554118745489747e-05
0.00013544416428888366
0.00019111031397920438
0.000267084110141309
0.0003660039488979446
0.0004813218243708729
0.0005772296005153812
0.0005391522821064503
6.611474585440836e-05
-0.0015250240126325853
-0.005558312728974074
-0.014102317703967662
-0.02934829861761242
-0.05150780228440677
-0.07536648688557396
-0.08824274913290604
-0.07421172250908756
-0.025377560498489594
0.049746618184227695
0.13287795933930935
0.21124212067881662
0.28155705916625295
0.341282428487644
0.38178357535039087
0.38687387792369504
0.3366881896114528
0.22066160672791854
0.05512874318377288
-0.11453566520938815
-0.2416800089480872
-0.3078373805260112
-0.3208293608977623
-0.2893841977492932
-0.22535802600848528
-0.10278668199547135
0.10080332547299307
0.5142415083492609
1.2602524423403219
2.636432105095915
4.144062102271425
5.157744749091592
5.707255872500836
5.991364442370425
6.138945206006769
6.215112623240855
6.2528960835016685
6.270432356402119
6.27797410546231
6.281008616125933
6.282188513246309
6.282659716372965
6.282869195605378
6.282978480794127
6.283044257610719
6.283087430022751
6.283116934879736
6.283137428217667
6.283151747861681
6.283161775298383
6.283168802859039
6.283173729851843
6.283177184924694
6.2831796082266855
6.28318130812172
6.283182500718198
6.283183337503541
6.283183924695684
6.28318433678038
6.2831846259964745
6.283184828993944
6.2831849714829
6.2831850715055975
6.283185141718844
6.2831851910097125
6.283185225614623
6.283185249909574
6.283185266967901
6.283185278942304
6.283185287351234
6.2831852932541405
6.283185297399642
6.283185300310244
6.28318530235505
6.283185303791372
6.283185304799045
6.283185305505441
6.283185306002888
6.283185306350045
6.2831853065930625
6.283185306764892
6.283185306885182
6.283185306969502
6.2831853070284
6.2831853070685435
6.283185307098636
6.283185307116989
6.283185307129286
6.2831853071411246
6.283185307146831
6.2831853071542705
6.283185307152345
6.283185307160633
6.283185307165771
6.283185307170577
6.283185307167833
6.283185307166659
6.283185307166463
6.2831853071692505
6.283185307168955
6.283185307165696
6.283185307163683
6.283185307164857
6.283185307166144
6.28318530716652
6.28318530716644
6.283185307166397
6.283185307166397
6.283185307166397
6.283185307166397
6.283185307166397
6.283185307166397
6.283185307166397
6.283185307166397
6.283185307166397
6.283185307166397
6.283185307166397
6.283185307166397
6.283185307166397
