-2.59618725547711e-16
-2.59618725547711e-16
-1.0291243379685774e-16
1.690441707580435e-16
5.519675746404058e-16
1.0697096784104402e-15
1.765949871785436e-15
2.717485198562224e-15
4.024663266793324e-15
5.836978429213255e-15
8.374966169467604e-15
1.1935301958631872e-14
1.6950344350511102e-14
2.406778166749718e-14
3.421459498605016e-14
4.868925459219396e-14
6.932258873445894e-14
9.871746175158246e-14
1.4058353353266103e-13
2.0020718929806894e-13
2.851187398637489e-13
4.0604296790643193e-13
5.782534575994517e-13
8.235016604347567e-13
1.1727642351966154e-12
1.6701556187069334e-12
2.378499996277585e-12
3.3872664464169783e-12
4.8238695216665456e-12
6.869762604235452e-12
9.783356733320326e-12
1.393265969824306e-11
1.984175791910762e-11
2.825701205624413e-11
4.02413272381101e-11
5.730840475975514e-11
8.161393193741295e-11
1.1622785832424628e-10
1.6552214798767174e-10
2.357229824740165e-10
3.3569715957819647e-10
4.780720121908145e-10
6.808302951791052e-10
9.695814762480765e-10
1.3807962950186407e-09
1.9664131114546195e-09
2.8003978140358456e-09
3.988085777647122e-09
5.679485705626328e-09
8.088225524087354e-09
1.1518532996553313e-08
1.640365834934242e-08
2.3360591038323683e-08
3.32679802424388e-08
4.7377098425998974e-08
6.746985909606002e-08
9.60838399998871e-08
1.368327204430485e-07
1.9486258150463923e-07
2.7750165445234075e-07
3.9518548240154645e-07
5.62774114984553e-07
8.014271316965588e-07
1.1412718309179106e-06
1.6251975680762315e-06
2.3142443286934367e-06
3.2952346849589377e-06
4.691523568020032e-06
6.6779674492596624e-06
9.501268679321024e-06
1.3506154417057885e-05
1.9164644288499547e-05
2.7094801243820266e-05
3.802220412748675e-05
5.2541474745673136e-05
7.02693226333734e-05
8.727870061761395e-05
8.897490067214288e-05
3.175303873515885e-05
-0.00020022913108912557
-0.0008852258233277903
-0.0026194413685273073
-0.0065010532190365655
-0.014135283730001096
-0.02696825818544855
-0.044362175767138225
-0.06068041336345571
-0.06390599307377894
-0.039964167641736846
0.016866469384113313
0.09660236953545033
0.18051591974196282
0.25681341447862727
0.32539616340766336
0.3887155247194667
0.44412753980261227
0.48182157331866377
0.4846406129781605
0.4326573854862677
0.31529701941987137
0.14868315146849273
-0.0218122903541062
-0.15096917476864344
-0.2235621013135547
-0.2455342874189608
-0.23512415355790042
-0.19753790600160467
-0.130030076246842
-0.010043966225833744
0.22507442497013988
0.6888488662836721
1.5877565287608848
3.115169302629487
4.522211592332955
5.375720147182202
5.820360105712472
6.047751045369571
6.166152367836376
6.227802034632581
6.258695093145919
6.273131916443599
6.279327158649604
6.281766506947306
6.282658757378232
6.282971062000528
6.283081956084265
6.283125781684177
6.283146756123332
6.283158904902821
6.283166832963159
6.283172290960054
6.283176121697165
6.283178825618765
6.283180736061087
6.283182085308843
6.283183037519307
6.283183709045621
6.2831841823252335
6.283184515706941
6.283184750438627
6.2831849156487065
6.283185031889867
6.283185113654393
6.283185171152623
6.283185211578282
6.283185239997451
6.283185259970855
6.28318527400847
6.283185283872658
6.28318529080287
6.283185295671833
6.283185299092906
6.283185301495799
6.283185303183216
6.283185304369722
6.283185305202811
6.2831853057881375
6.2831853061983045
6.283185306486065
6.28318530668835
6.283185306830825
6.283185306929373
6.283185306998151
6.2831853070480435
6.283185307081067
6.283185307104856
6.283185307120976
6.283185307131218
6.283185307137507
6.283185307145324
6.283185307147243
6.283185307151127
6.283185307153296
6.2831853071579244
6.283185307160029
6.283185307163319
6.283185307167397
6.283185307169877
6.283185307167857
6.283185307163576
6.28318530716721
6.283185307168936
6.2831853071638015
6.283185307159631
6.283185307158324
6.283185307159938
6.283185307161635
6.283185307161858
6.283185307161793
6.283185307161773
6.283185307161773
6.283185307161773
6.283185307161773
6.283185307161773
6.283185307161773
6.283185307161773
6.283185307161773
6.283185307161773
6.283185307161773
6.283185307161773
6.283185307161773
