-7.562668158772227e-16
-7.562668158772227e-16
-6.528407462991021e-16
-4.925500637744238e-16
-2.9347145260216084e-16
-5.215247555953417e-17
2.449233130492551e-16
6.2162892530763e-16
1.1181232223683193e-15
1.7779460084324955e-15
2.6724512844105265e-15
3.904341466651133e-15
5.601109817434518e-15
7.957337335875545e-15
1.1281693913219182e-14
1.6018716442214798e-14
2.2782457007156134e-14
3.243057206657353e-14
4.617949886391331e-14
6.576334011650797e-14
9.36543089990832e-14
1.3337469286894147e-13
1.8994127921569863e-13
2.7049876036186166e-13
3.852220593301251e-13
5.486014522262089e-13
7.81272757962068e-13
1.112623738326169e-12
1.584505897519553e-12
2.2565204845339117e-12
3.2135463196311908e-12
4.576460199758984e-12
6.517403841781499e-12
9.28152551282972e-12
1.3217942183547192e-11
1.8823832465880414e-11
2.6807228794724238e-11
3.8176438659370084e-11
5.4367387252401684e-11
7.74249622685311e-11
1.1026126008350949e-10
1.5702334191965002e-10
2.236169341648268e-10
3.184521934518658e-10
4.5350568810660896e-10
6.45832659493554e-10
9.197204535876059e-10
1.3097549198917276e-09
1.865186760536023e-09
2.6561487946639904e-09
3.7825085371372426e-09
5.386472769807485e-09
7.670533723957849e-09
1.09230195663307e-08
1.5554469630563227e-08
2.2149417401298034e-08
3.154010210163115e-08
4.491138426345653e-08
6.395005226123866e-08
9.105725158529506e-08
1.2965060093989392e-07
1.845935453956149e-07
2.62804686440672e-07
3.7412019065833044e-07
5.325077892200435e-07
7.577568464324453e-07
1.0777766863517315e-06
1.5315623485817607e-06
2.1725417731459596e-06
3.0708352655529387e-06
4.309297440831666e-06
5.957396500884756e-06
7.97591408553758e-06
9.918405211260283e-06
1.0059148200712812e-05
2.965703049747127e-06
-2.6938032287429243e-05
-0.00012142157970746399
-0.00038516084801753294
-0.0010596247795923602
-0.0026434954008633374
-0.006015362125791267
-0.012365674690041817
-0.022518515034273344
-0.035198658709158975
-0.04460966215676525
-0.03962610817961603
-0.008153689248349126
0.0533184399010923
0.13339772038105022
0.21301163197997558
0.2811690515287155
0.34022811763744437
0.39642688128761044
0.4515835169930513
0.5016134802565142
0.5356490758647868
0.5362798950098108
0.48350290972787763
0.3665850863955448
0.20217040938772338
0.03569153078369738
-0.08969754269590836
-0.1580861896628259
-0.18056975336608697
-0.17586937150258616
-0.15006399525122488
-0.11613019416613372
-0.03965673007904626
0.07654923492646527
0.36263349870485473
0.879998031005519
1.9753454866624471
3.580592072976728
4.843060701875228
5.551235671227989
5.909810115551285
6.09185237869025
6.187057282373223
6.23720165522534
6.262692142956761
6.274771123940628
6.280009964560545
6.282078691605952
6.282824460707271
6.283071859491946
6.2831484826706445
6.283171317172198
6.283178351018226
6.283180931115437
6.283182215638253
6.283183043294127
6.283183641995621
6.283184088030643
6.28318442011739
6.28318466541549
6.283184845107302
6.283184975798602
6.283185070298762
6.283185138304005
6.2831851870554996
6.283185221893233
6.283185246722487
6.283185264379314
6.283185276909927
6.283185285794236
6.283185292081377
6.283185296526328
6.283185299666304
6.283185301879832
6.283185303442342
6.283185304543495
6.283185305320563
6.283185305866479
6.283185306251024
6.283185306521665
6.283185306711161
6.283185306844382
6.2831853069375025
6.283185307003198
6.283185307049688
6.28318530708316
6.2831853071050485
6.283185307119353
6.283185307130036
6.28318530713673
6.283185307141982
6.28318530714301
6.283185307147788
6.283185307149118
6.283185307150086
6.283185307154078
6.283185307154887
6.283185307161221
6.283185307158332
6.283185307159407
6.283185307164523
6.283185307170568
6.283185307170092
6.283185307166222
6.283185307167042
6.283185307166492
6.283185307162374
6.283185307158841
6.283185307155218
6.2831853071544606
6.2831853071557635
6.283185307156947
6.283185307157295
6.283185307157264
6.283185307157265
6.283185307157245
6.283185307157245
6.283185307157245
6.283185307157245
6.283185307157245
6.283185307157245
6.283185307157245
6.283185307157245
6.283185307157245
6.283185307157245
