-6.586777837387745e-16
-6.586777837387745e-16
-5.453638922325796e-16
-3.645519381782778e-16
-1.2764289673497005e-16
1.7215511658847397e-16
5.62920258661374e-16
1.0822294962282475e-15
1.7899903897025817e-15
2.770583387905682e-15
4.130989055503107e-15
6.0352158043379424e-15
8.712055289283475e-15
1.2468560667030685e-14
1.7757558147217947e-14
2.5254974607009544e-14
3.592910581747508e-14
5.1142615983523024e-14
7.282089475070758e-14
1.0370072691127827e-13
1.4768050892650163e-13
2.1031404723718758e-13
2.995119105409978e-13
4.265402269252546e-13
6.074434536734643e-13
8.650707990894914e-13
1.2319621692190205e-12
1.7544581039239858e-12
2.4985527813849507e-12
3.558229326817695e-12
5.067330172048551e-12
7.216461676022043e-12
1.0277068011125149e-11
1.463571474113433e-11
2.084291188741111e-11
2.968264241694271e-11
4.2271376838515384e-11
6.019907805829975e-11
8.573000295631763e-11
1.2208865763791704e-10
1.7386701508995388e-10
2.476044141695978e-10
3.5261335957622163e-10
5.021554847047226e-10
7.151161396621421e-10
1.0183890012296535e-09
1.4502717070306265e-09
2.065301091050738e-09
2.9411382245036655e-09
4.188372031947689e-09
5.964478326288382e-09
8.493695031084228e-09
1.2095320055428234e-08
1.7223999489192525e-08
2.4527083738176162e-08
3.4926277088845845e-08
4.973386012726437e-08
7.08181032154501e-08
1.0083864441145324e-07
1.4358131247471058e-07
2.044341236282894e-07
2.9106321228209243e-07
4.14370569497299e-07
5.898451606520049e-07
8.394521261578207e-07
1.1942257430380217e-06
1.6976865197114346e-06
2.409922588135788e-06
3.411158721235001e-06
4.800426580067163e-06
6.67539933291429e-06
9.051998339246362e-06
1.1605764267613949e-05
1.2910796862349487e-05
8.325461305066951e-06
-1.556676041020508e-05
-9.461675408420574e-05
-0.0003176677619700481
-0.0008859567830237869
-0.002203826548477157
-0.004952539892620208
-0.009970915532966388
-0.01759013859405879
-0.02609862358771455
-0.029770246020664522
-0.018544211671312455
0.017641905173630925
0.0801581890511962
0.1563807725293191
0.22712101518313532
0.28221049621925565
0.3260151627547847
0.367655579484512
0.41196611008962397
0.45879385193139244
0.5029472870050178
0.533188439780004
0.5320768504099675
0.47928939785449265
0.36438307469743303
0.20441721575602997
0.04407969608966919
-0.07255607710252075
-0.13097145019159073
-0.14612779537636197
-0.13222708495976007
-0.11237586552571259
-0.07853517905565799
-0.04393210990423026
0.03874753369744961
0.1680234704434435
0.5082041937588205
1.105765244134979
2.4134362775223535
4.011943228103648
5.111183278970392
5.693031548986721
5.981469494305766
6.127094500932696
6.20366105224403
6.244524294515289
6.265656693835524
6.275857997969883
6.280366987125289
6.28218204075563
6.282849514023187
6.283075802363773
6.283147762759698
6.283170029358103
6.2831773021563935
6.283180179386621
6.283181692352477
6.283182680679212
6.283183390401771
6.283183913107661
6.283184298281847
6.283184580439427
6.283184785775151
6.283184934336033
6.28318504130095
6.2831851180142655
6.283185172850501
6.28318521194377
6.283185239749545
6.283185259491057
6.283185273484371
6.283185283391292
6.283185290396097
6.283185295343084
6.283185298834581
6.283185301294981
6.28318530303168
6.283185304255126
6.283185305117172
6.283185305721904
6.283185306148327
6.283185306447643
6.283185306657576
6.283185306804532
6.283185306909296
6.283185306981723
6.2831853070341355
6.283185307070348
6.283185307093098
6.283185307110171
6.283185307122087
6.283185307128316
6.283185307135864
6.2831853071422135
6.283185307145432
6.283185307152696
6.283185307153448
6.283185307158969
6.2831853071560975
6.283185307157689
6.283185307157611
6.283185307162086
6.283185307167904
6.2831853071718085
6.283185307173333
6.283185307169281
6.28318530716263
6.283185307161524
6.283185307159474
6.28318530715659
6.2831853071542705
6.283185307152453
6.283185307152958
6.283185307153686
6.283185307153938
6.283185307153954
6.283185307154028
6.283185307154028
6.283185307154028
6.283185307154028
6.283185307154028
6.283185307154028
6.283185307154028
6.283185307154028
6.283185307154028
6.283185307154028
