1.5281195072397475e-17
1.5281195072397475e-17
1.9991773744731594e-16
5.33173518115365e-16
1.0231685299206612e-15
1.7126889265271136e-15
2.677413985834222e-15
4.037030695344775e-15
5.956271730010556e-15
8.679198534351732e-15
1.2546517300690782e-14
1.8033674197708316e-14
2.5830417569344647e-14
3.690907539259713e-14
5.2636218240482255e-14
7.497527432129632e-14
1.0675273502870586e-13
1.5200045171198113e-13
2.1644661325696772e-13
3.082352832529104e-13
4.38959360168472e-13
6.25128747440255e-13
8.902570246327164e-13
1.2678313672692308e-12
1.8055419338220912e-12
2.5713052736493017e-12
3.661842551038389e-12
5.214896007026483e-12
7.426626626219178e-12
1.0576390399236794e-11
1.5062022518414742e-11
2.145008602010413e-11
3.054743141696373e-11
4.350310544594291e-11
6.195348012275028e-11
8.822893192964404e-11
1.256481745109414e-10
1.7893741839633958e-10
2.5482729599535407e-10
3.6290294005727055e-10
5.168145739056442e-10
7.360014986296608e-10
1.0481471943660448e-09
1.4926755749709448e-09
2.1257299031926035e-09
3.0272630821086697e-09
4.311134617838821e-09
6.13948914353219e-09
8.743231907116818e-09
1.2451186250410605e-08
1.7731613933292733e-08
2.5251339381460098e-08
3.595994025179135e-08
5.120962901015119e-08
7.292595161999103e-08
1.0385083579848325e-07
1.4788863576338618e-07
2.1059877976166188e-07
2.9989703096314476e-07
4.270534475470641e-07
6.081118965276828e-07
8.659073215049824e-07
1.232927212715562e-06
1.755355582762038e-06
2.498745130926507e-06
3.555848993081221e-06
5.057072801977462e-06
7.183355666275595e-06
1.017879061430037e-05
1.435231712325203e-05
2.0034230095031212e-05
2.7386861622752362e-05
3.579063870179882e-05
4.207706148256369e-05
3.584347110182323e-05
-1.1977456773766366e-05
-0.00017418710216227285
-0.0006142863887753229
-0.0016527246057513995
-0.0038029190161722013
-0.007618679803235844
-0.013060726135000892
-0.018158273653776827
-0.017441729651790402
-0.002026367645276726
0.03614425471754924
0.09645717893288361
0.16531316311234928
0.2237026634201346
0.2624102956700055
0.2875502333900022
0.31049062629355273
0.3379798787787375
0.3720451166038088
0.4112967467388823
0.4500311688267733
0.4770931961013182
0.4748266222998749
0.4230586071484895
0.3115847183459026
0.15676096113767118
0.003737625512787814
-0.10255441580337728
-0.1504430613055909
-0.15002554192647774
-0.1258898494659485
-0.0926143414495062
-0.057947274633456176
-0.025972634449655013
0.023926906104684734
0.10270337449797445
0.2753714103410732
0.6577739693012549
1.3862007670744068
2.8798783658412006
4.396796468604834
5.333094962925714
5.808013640667472
6.039511429494775
6.155782701510787
6.2172455926818575
6.250513044818118
6.268044524055318
6.276687595710103
6.280596705599341
6.282212864324904
6.282828360657439
6.283048537450432
6.283125488560088
6.283153751436129
6.283165807150412
6.2831721415848705
6.283176083463244
6.283178765905549
6.283180656098515
6.283182001910412
6.283182961549909
6.283183644985601
6.283184130829021
6.2831844756007555
6.283184719886752
6.2831848927456395
6.283185014927375
6.2831851012075255
6.283185162088023
6.283185205015869
6.283185235266857
6.283185256576363
6.283185271579057
6.283185282138391
6.28318528956518
6.283185294790448
6.283185298465508
6.283185301048853
6.283185302864951
6.283185304140644
6.283185305038125
6.283185305667589
6.2831853061090195
6.283185306420055
6.283185306638488
6.283185306790986
6.283185306898553
6.283185306974418
6.28318530702545
6.28318530706157
6.283185307087709
6.28318530710882
6.283185307122458
6.283185307135859
6.283185307148035
6.283185307154543
6.283185307154447
6.2831853071537545
6.283185307155346
6.2831853071592505
6.283185307161139
6.283185307166103
6.283185307171199
6.283185307174722
6.2831853071716655
6.283185307163038
6.283185307160293
6.28318530715943
6.283185307159943
6.283185307158511
6.283185307156526
6.28318530715467
6.2831853071545005
6.283185307154741
6.2831853071547314
6.283185307154648
6.283185307154609
6.283185307154622
6.283185307154622
6.283185307154622
6.283185307154622
6.283185307154622
6.283185307154622
6.283185307154622
6.283185307154622
