6.764032845420003e-16
6.764032845420003e-16
8.94138311039485e-16
1.2647158037689064e-15
1.800495785592571e-15
2.5640934141396087e-15
3.6515736614838186e-15
5.20027594514456e-15
7.405812639155606e-15
1.054675988620225e-14
1.5019843412156414e-14
2.1390048076361763e-14
3.0461979904553744e-14
4.3381494204748157e-14
6.178042624384148e-14
8.798270519402741e-14
1.2529788531511497e-13
1.784391699387928e-13
2.541187284381232e-13
3.618955001989513e-13
5.153825712697171e-13
7.339666271759149e-13
1.0452566662304202e-12
1.4885712716811691e-12
2.119904923652578e-12
3.01900065363772e-12
4.299422404312872e-12
6.1228993644054284e-12
8.719754166551267e-12
1.241799533249556e-11
1.7684748806440004e-11
2.5185262096703033e-11
3.58669343617351e-11
5.107898717566125e-11
7.274289311016286e-11
1.0359509154346808e-10
1.4753265347339718e-10
2.1010556355254865e-10
2.9921781171037184e-10
4.261258696678158e-10
6.06860703974838e-10
8.642529967521702e-10
1.2308174740669294e-09
1.7528608180569344e-09
2.49633229297661e-09
3.555156508350627e-09
5.063101543762113e-09
7.210682678642472e-09
1.026923879013878e-08
1.4625225738157605e-08
2.0829063672657015e-08
2.9664716985846073e-08
4.2248810120758565e-08
6.017182261073006e-08
8.56992374131782e-08
1.220581151460881e-07
1.7384539962460358e-07
2.476097063303295e-07
3.526803741372427e-07
5.023489838907608e-07
7.155533833102761e-07
1.0192782500954494e-06
1.4519775900508606e-06
2.0684550642874307e-06
2.946824514146992e-06
4.198439654804316e-06
5.982063297078062e-06
8.524092427514417e-06
1.2147437666036646e-05
1.7312777237526658e-05
2.4677515582361348e-05
3.5180090438425004e-05
5.016060166320306e-05
7.153353335061577e-05
0.000102035267697929
0.00014557910798698772
0.0002077650500897787
0.0002966126409062014
0.00042361599634012186
0.0006052649462835456
0.0008652420469367671
0.0012376018441016753
0.0017713811511281057
0.0025372992487372684
0.0036375170433165715
0.005219880025566457
0.007498731468773596
0.010785313858394796
0.015531996104483527
0.02239586921422781
0.03232768312963854
0.04668839721795384
0.06737821641255286
0.09690708613180898
0.13818930226146883
0.19355289230896758
0.2621967067905899
0.3363174608333964
0.4011168260556754
0.45134723172488295
0.5268466137788789
0.7277790796306245
1.170461482135542
1.9197323912340671
2.917520431156387
3.942786950095568
4.768735461749841
5.3357488666137325
5.6971115052658785
5.921435708559479
6.059694563508489
6.144833946630297
6.197321936694182
6.22974196335149
6.2498132671761955
6.262272511654655
6.270029569319586
6.274874919467226
6.277912372163006
6.279823905934819
6.281031915787961
6.281798740189873
6.282287807545697
6.282601269583672
6.282803210078912
6.282933990335265
6.283019138729607
6.283074874902196
6.283111553294717
6.283135817038581
6.283151950178662
6.283162730025863
6.283169966734684
6.283174846428444
6.283178150471415
6.283180396278206
6.283181928224383
6.283182976622639
6.283183696227131
6.283184191475173
6.283184533139626
6.28318476935482
6.283184932980854
6.2831850465162296
6.283185125413116
6.283185180315356
6.283185218562309
6.283185245236388
6.283185263855087
6.283185276859792
6.283185285949453
6.283185292308877
6.283185296759418
6.28318529987461
6.283185302056849
6.283185303586909
6.283185304659783
6.283185305410639
6.283185305936221
6.283185306306436
6.283185306564536
6.2831853067456285
6.283185306872789
6.283185306961926
6.283185307023927
6.283185307067749
6.283185307098362
6.283185307120499
6.283185307136549
6.2831853071468515
6.283185307154455
6.283185307159663
6.283185307163541
6.283185307166564
6.283185307167514
6.283185307168318
6.28318530717037
6.283185307171148
6.283185307171204
6.283185307171296
6.283185307171296
6.283185307171296
6.283185307171296
6.283185307171296
6.283185307171296
6.283185307171296
6.283185307171296
6.283185307171296
6.283185307171296
6.283185307171296
6.283185307171296
6.283185307171296
6.283185307171296
6.283185307171296
6.283185307171296
6.283185307171296
6.283185307171296
6.283185307171296
6.283185307171296
6.283185307171296
6.283185307171296
