1.5215304660061834e-15
1.5215304660061834e-15
1.911983591265153e-15
2.656876958460247e-15
3.773273388048776e-15
5.372534893209804e-15
7.65105648773645e-15
1.089601187887502e-14
1.5517218355541098e-14
2.209836700348034e-14
3.147070675701795e-14
4.4818035359781535e-14
6.382622202989685e-14
9.089614573354958e-14
1.2944694477377646e-13
1.8434788052829088e-13
2.625333631927756e-13
3.738788222664104e-13
5.324480514029567e-13
7.582695776414442e-13
1.0798664254242527e-12
1.537858806282938e-12
2.190094785382232e-12
3.1189569739224423e-12
4.441768149527495e-12
6.3256101323860764e-12
9.008427685067375e-12
1.282908307069926e-11
1.82701574743439e-11
2.601890557424065e-11
3.7054062523140655e-11
5.2769468109176305e-11
7.515012340846664e-11
1.0702291828199032e-10
1.5241370025470446e-10
2.1705578817907563e-10
3.091141645931202e-10
4.40216825644177e-10
6.269235689051652e-10
8.928177595868741e-10
1.2714853164915432e-09
1.8107572446329387e-09
2.5787516749092183e-09
3.6724787251619497e-09
5.2300953038925185e-09
7.448358163486897e-09
1.060748036867224e-08
1.5106531916042717e-08
2.151385780957523e-08
3.063888497348609e-08
4.363439303021104e-08
6.214217520831515e-08
8.850050178651517e-08
1.2603961390621404e-07
1.7950260981825267e-07
2.556449489202611e-07
3.6408840139751685e-07
5.185374784009858e-07
7.385122750283434e-07
1.0518170720165956e-06
1.4980572819314726e-06
2.133650247268415e-06
3.0389649198893295e-06
4.328495725381621e-06
6.165361432250436e-06
8.781969878889055e-06
1.2509474392113766e-05
1.78197683876864e-05
2.5385365126475575e-05
3.616479635433554e-05
5.1524432488673695e-05
7.341230268215761e-05
0.0001046061852828308
0.00014906782485086867
0.00021244887384005854
0.00030281387672402707
0.0004316739431510901
0.0006154655028670766
0.0008776672192120311
0.0012518327735027666
0.0017859394566705133
0.002548629188268924
0.003638174036434335
0.005195367021423404
0.007422068104679203
0.010607883725622562
0.015168482073241554
0.021700338315928318
0.03105799524507189
0.04446008724520568
0.06362574189051426
0.0909229806621993
0.12944826742319548
0.18279387727720445
0.2539243871097129
0.34217916854573366
0.4378752096715441
0.5176820422547928
0.551495058591999
0.5317693085528099
0.5112011792847573
0.6059622271460523
0.9488027382918491
1.6293547414691931
2.6240664475412037
3.7157868436682984
4.623414292390992
5.247290881198415
5.640831327262128
5.883376072943657
6.032960122961229
6.1257649150182205
6.183672183416577
6.219980138506241
6.242846809287657
6.25731204761606
6.266504580650202
6.272374347175097
6.276141121287637
6.2785708319329
6.280146369945496
6.281173493150625
6.281846688108214
6.282290260263833
6.282584058537502
6.282779641044117
6.282910475252154
6.282998402114679
6.283057751544385
6.283097975328966
6.2831253401112335
6.283144021662045
6.28315681593585
6.283165603597089
6.283171655110055
6.283175832186151
6.28317872147411
6.283180723729405
6.283182113572862
6.283183079730131
6.283183752226149
6.283184220849777
6.283184547730763
6.283184775939332
6.283184935381486
6.283185046853198
6.28318512483288
6.283185179411169
6.283185217626892
6.28318524439384
6.283185263148982
6.283185276295435
6.2831852855121575
6.283185291975264
6.283185296508269
6.283185299689331
6.283185301921489
6.283185303486378
6.283185304584023
6.283185305354742
6.283185305894809
6.2831853062734035
6.283185306539067
6.28318530672502
6.283185306855108
6.283185306946777
6.28318530701171
6.283185307057554
6.283185307090476
6.283185307112881
6.283185307128783
6.2831853071399335
6.283185307148279
6.28318530715386
6.28318530715735
6.2831853071601875
6.283185307162978
6.283185307164771
6.2831853071653105
6.283185307165543
6.283185307165594
6.283185307165594
6.283185307165594
6.283185307165594
6.283185307165594
6.283185307165594
6.283185307165594
6.283185307165594
6.283185307165594
6.283185307165594
6.283185307165594
6.283185307165594
6.283185307165594
6.283185307165594
6.283185307165594
6.283185307165594
6.283185307165594
6.283185307165594
6.283185307165594
6.283185307165594
6.283185307165594
