2.656064640173725e-15
2.656064640173725e-15
3.2216769563699687e-15
4.362644353378246e-15
6.1505098598556525e-15
8.74756041055512e-15
1.2456110221616342e-14
1.7738850887388377e-14
2.526222652901361e-14
3.597641796048042e-14
5.123470298025174e-14
7.296431815380102e-14
1.0390987847396206e-13
1.4798004289869127e-13
2.1074120786030952e-13
3.001205858207881e-13
4.274074731806331e-13
6.086791755546968e-13
8.668316960719942e-13
1.2344716788446733e-12
1.75803488336719e-12
2.503651386695991e-12
3.565498336769178e-12
5.077695279387597e-12
7.231244539572712e-12
1.0298156373777298e-11
1.4665806112274735e-11
2.088586290854937e-11
2.9743970249468725e-11
4.2358979538312155e-11
6.032427092876298e-11
8.590901167362573e-11
1.2234477305720832e-10
1.742337088172351e-10
2.4812985276204773e-10
3.533669606488701e-10
5.032374636022983e-10
7.166714513814528e-10
1.0206277662780787e-09
1.4534992415154388e-09
2.0699622255336515e-09
2.947882979888675e-09
4.198153373641585e-09
5.97869834954951e-09
8.514424662854473e-09
1.2125630984690102e-08
1.726846846612126e-08
2.4592563367894854e-08
3.502308179294516e-08
4.9877604990403535e-08
7.103258253214092e-08
1.0116039601078976e-07
1.440669899720019e-07
2.0517273813432196e-07
2.9219731938753367e-07
4.161351703382238e-07
5.926448232521195e-07
8.440277811565559e-07
1.2020471537876324e-06
1.7119425257886273e-06
2.438148917834295e-06
3.4724434293449032e-06
4.94555059087934e-06
7.043675642503932e-06
1.0032059576684926e-05
1.4288540293496762e-05
2.0351374010947923e-05
2.898738205667538e-05
4.1289071582230985e-05
5.881306501697659e-05
8.377743461707839e-05
0.00011934305103599784
0.00017001478577826626
0.00024221374242189452
0.00034509361732614597
0.0004917056580643215
0.0007006615915949757
0.000998508219497148
0.0014231195868501727
0.002028544885993939
0.0028919399887987244
0.004123482526064202
0.005880559502879261
0.008388069440436354
0.011967455729921816
0.017078138166151047
0.024376326999001732
0.03479752751464738
0.049669296107669084
0.07085653061507186
0.10092293261071149
0.14323444581535147
0.20178192035801062
0.2801962025594482
0.37904397823265285
0.4907206634857563
0.5938300236908607
0.654494675837252
0.6437309920578026
0.5666706211719493
0.4820875712142685
0.49520062388299657
0.7277442005899695
1.2863943318105653
2.2126282630772893
3.3554744779843997
4.3838959195008425
5.108663224015567
5.561036342013696
5.834196412203905
6.0002901364212
6.103021869458601
6.167516384177292
6.208436311538912
6.23459773071843
6.2514275706960305
6.262315574743982
6.269398081267807
6.274030083630997
6.277075663931099
6.279088705960534
6.280426099942563
6.281319018901564
6.281918003670342
6.282321613026844
6.282594717274553
6.282780237228504
6.282906715945511
6.282993228323012
6.283052581588039
6.283093412818303
6.28312157094308
6.283141032048121
6.283154508654404
6.2831638572861195
6.2831703523473905
6.283174870987023
6.283178018379495
6.283180212947686
6.283181744550245
6.283182814324629
6.283183562049651
6.283184084997326
6.2831844509337005
6.283184707116726
6.28318488653827
6.283185012242049
6.283185100338321
6.283185162093824
6.283185205394243
6.2831852357600235
6.2831852570593325
6.283185272002009
6.2831852824867624
6.283185289844053
6.2831852950078835
6.283185298631892
6.283185301175406
6.283185302959976
6.283185304212313
6.283185305090651
6.283185305707115
6.283185306139556
6.283185306441668
6.2831853066540475
6.283185306803814
6.283185306909351
6.283185306983947
6.2831853070364545
6.283185307073413
6.283185307099464
6.2831853071179875
6.283185307131036
6.283185307140371
6.283185307146811
6.283185307150878
6.283185307155045
6.2831853071579795
6.283185307159817
6.283185307160468
6.283185307160666
6.283185307160762
6.283185307160762
6.283185307160762
6.283185307160762
6.283185307160762
6.283185307160762
6.283185307160762
6.283185307160762
6.283185307160762
6.283185307160762
6.283185307160762
6.283185307160762
6.283185307160762
6.283185307160762
6.283185307160762
6.283185307160762
6.283185307160762
6.283185307160762
6.283185307160762
6.283185307160762
