3.961722328073424e-15
3.961722328073424e-15
4.700671076513698e-15
6.210705997455099e-15
8.646038781233171e-15
1.2254611484875641e-14
1.7439985730458988e-14
2.483482455226554e-14
3.536754743571062e-14
5.036758096689486e-14
7.172943068425678e-14
1.0215124945097592e-13
1.454755421861141e-13
2.0717449471066651e-13
2.950411518117853e-13
4.201737381533375e-13
5.983774488042967e-13
8.521607663662314e-13
1.2135784551074876e-12
1.728280324538505e-12
2.4612771531884987e-12
3.5051520545520353e-12
4.991754446482886e-12
7.108853666916988e-12
1.0123855723723108e-11
1.4417578800498779e-11
2.053235364829328e-11
2.924052435325618e-11
4.1642001722770234e-11
5.930319114895971e-11
8.445484280226589e-11
1.2027381448268435e-10
1.7128433649038495e-10
2.4392946226589526e-10
3.4738488492901957e-10
4.947179135284056e-10
7.045380008090997e-10
1.003347303806979e-09
1.4288881826842451e-09
2.0349104717639645e-09
2.897960697383612e-09
4.127050825337267e-09
5.877427861595547e-09
8.370183655830705e-09
1.1920182013112803e-08
1.697583091322422e-08
2.4175724019594882e-08
3.442930680069973e-08
4.903175777291545e-08
6.982759814997599e-08
9.944369984288883e-08
1.4162113041093313e-07
2.016877625640912e-07
2.8723136392918205e-07
4.0905821895438615e-07
5.825584227617084e-07
8.296503905327648e-07
1.1815503480244519e-06
1.6827168735622652e-06
2.3964691502253387e-06
3.412989270273637e-06
4.8607205211336534e-06
6.922603284514447e-06
9.85920246715824e-06
1.4041652911378105e-05
1.999859274317268e-05
2.8483027043827394e-05
4.056759088953984e-05
5.7780283202483666e-05
8.22978799185225e-05
0.00011722156199252762
0.00016696974678730557
0.0002378380281318084
0.0003387974233984422
0.0004826325312837387
0.0006875646370567293
0.000979566868013822
0.0013956672236818037
0.0019886621541317685
0.0028338446858084962
0.004038610028250781
0.005756170314363925
0.008205131729687268
0.011697414437147684
0.016677976971848047
0.02378103349105553
0.03390868800847143
0.048338189605177086
0.06886027261097373
0.09793471775727364
0.13879926961372954
0.19534236907519884
0.2713006416261921
0.3680384058617538
0.48034338836653184
0.5915628654127468
0.6733288426579137
0.6960835187149116
0.646925483481166
0.5416983723633702
0.4296230029493919
0.3925365649727515
0.5294699864596031
0.9438750112207815
1.728698794176739
2.8545185851113284
4.0152210426761314
4.892850689365072
5.445535058961434
5.771290385719052
5.963090675117479
6.07894023503759
6.150959539525347
6.196728845476892
6.226241238541956
6.24545467522073
6.258052165368478
6.266361043088063
6.271870963300305
6.275543403065782
6.278002967646065
6.279657762305357
6.2807758964019085
6.281534443494339
6.2820509559547455
6.282403861111429
6.282645732681829
6.282811972701352
6.282926521360261
6.283005631947983
6.283060379343736
6.283098335199791
6.283124691904908
6.2831430200718605
6.283155781205646
6.283164675998773
6.283170881835955
6.283175215249138
6.283178243412249
6.283180360830623
6.283181842247316
6.283182879197082
6.2831836053412164
6.283184114023365
6.283184470480976
6.283184720338918
6.283184895514633
6.2831850183581635
6.2831851045186315
6.283185164959781
6.283185207363054
6.283185237116403
6.283185257996207
6.283185272649956
6.283185282935626
6.283185290154943
6.283185295222336
6.283185298780024
6.283185301276057
6.283185303028893
6.283185304258215
6.283185305121182
6.2831853057262075
6.2831853061503775
6.283185306448195
6.283185306657921
6.283185306805256
6.283185306909466
6.283185306983007
6.2831853070343175
6.283185307071151
6.283185307096898
6.283185307114932
6.283185307128765
6.283185307137313
6.283185307144223
6.28318530714937
6.283185307151725
6.283185307153983
6.2831853071553585
6.28318530715598
6.283185307156268
6.283185307156303
6.283185307156321
6.283185307156321
6.283185307156321
6.283185307156321
6.283185307156321
6.283185307156321
6.283185307156321
6.283185307156321
6.283185307156321
6.283185307156321
6.283185307156321
6.283185307156321
6.283185307156321
6.283185307156321
6.283185307156321
6.283185307156321
6.283185307156321
6.283185307156321
