5.275879468788117e-15
5.275879468788117e-15
6.166514658237111e-15
7.99900933821616e-15
1.0977443125194189e-14
1.5458582696599572e-14
2.196080303856244e-14
3.126260374342769e-14
4.451961762080665e-14
6.340097001635588e-14
9.029050188905379e-14
1.2858442161158907e-13
1.8311952493852298e-13
2.6078400598563023e-13
3.7138747558063495e-13
5.288999884777851e-13
7.532165674635245e-13
1.0726700963429705e-12
1.5276099795273291e-12
2.175498580673708e-12
3.098169160285448e-12
4.412162046650629e-12
6.283444579996961e-12
8.948374075688754e-12
1.2743551596567625e-11
1.814833730721887e-11
2.5845397446833195e-11
3.6806930504389985e-11
5.241746368583543e-11
7.464872991475587e-11
1.0630871385165073e-10
1.5139632365427375e-10
2.1560648674646101e-10
3.070494679066748e-10
4.3727526647336606e-10
6.227324842309103e-10
8.868459340739433e-10
1.2629754138261224e-09
1.7986293717738674e-09
2.5614656999827187e-09
3.6478376311021947e-09
5.194964199772457e-09
7.398262572004186e-09
1.0536031582219305e-08
1.500460441875836e-08
2.1368410876438253e-08
3.043127302526418e-08
4.33379404802781e-08
6.1718691599206e-08
8.789526756080435e-08
1.2517415485483958e-07
1.7826426740011417e-07
2.5387179693744745e-07
3.6154738597877775e-07
5.148926609376956e-07
7.332785745663708e-07
1.0442926878178128e-06
1.4872246505209894e-06
2.1180303694143434e-06
3.016402281090607e-06
4.295839427529466e-06
6.117990363541248e-06
8.713082331803978e-06
1.2409020062277793e-05
1.7672834536469074e-05
2.5169725156953906e-05
3.584716622783018e-05
5.1054723175773594e-05
7.27147487099927e-05
0.000103565579297363
0.00014750804862553196
0.000210099248540313
0.0002992561717069488
0.0004262585523752478
0.0006071782937612798
0.0008649172058973476
0.0012321123340163736
0.0017552788535317046
0.0025007184323095496
0.0035629459619111997
0.005076707096919447
0.00723410960317689
0.010309017043043583
0.01469169259167927
0.020937719838666453
0.029836249447960407
0.04250277084311168
0.060498226248501416
0.08596209438040303
0.12170474932258808
0.17110138540361358
0.23743478449096914
0.32212015149504786
0.4214417895995848
0.5229247053651112
0.6053064787896242
0.6462892762109118
0.6338430579370488
0.5688262346577181
0.4620711492320711
0.34477385269767585
0.27970370161045066
0.3474047586049497
0.6340607646000641
1.2421125953279493
2.2486889163972608
3.4910448958197207
4.560744872556694
5.268379192507203
5.68275845636899
5.918046180254728
6.053948025152412
6.135480330954565
6.18631473484232
6.218930152528299
6.240239472071432
6.2543183333791905
6.263690020711902
6.26996424850933
6.274185340276835
6.277037653976168
6.2789728259649475
6.280290632684369
6.281191083752362
6.281808268126761
6.282232487601808
6.282524813429985
6.282726711168073
6.2828664373405925
6.282963311631736
6.2830305836519225
6.283077365182731
6.283109937991077
6.283132642450015
6.283148483486499
6.283159545151719
6.28316727508763
6.283172680251058
6.283176461920335
6.2831791090107
6.283180962700993
6.28318226126796
6.283183171242419
6.283183809084146
6.283184256284228
6.283184569887897
6.283184789842626
6.283184944139624
6.283185052393196
6.28318512835099
6.283185181652733
6.283185219061354
6.283185245316279
6.283185263744896
6.2831852766807605
6.283185285761984
6.283185292137286
6.283185296611657
6.283185299752744
6.283185301958275
6.283185303506188
6.283185304592103
6.283185305354171
6.283185305889125
6.2831853062646905
6.2831853065282095
6.283185306713858
6.283185306844498
6.283185306937451
6.283185307001769
6.283185307047522
6.283185307079814
6.28318530710338
6.283185307119964
6.283185307131617
6.283185307138873
6.28318530714766
6.283185307151214
6.283185307151586
6.2831853071524115
6.283185307153063
6.283185307153343
6.283185307153431
6.283185307153482
6.283185307153482
6.283185307153482
6.283185307153482
6.283185307153482
6.283185307153482
6.283185307153482
6.283185307153482
6.283185307153482
6.283185307153482
6.283185307153482
6.283185307153482
6.283185307153482
6.283185307153482
6.283185307153482
6.283185307153482
6.283185307153482
6.283185307153482
