6.4149446514945585e-15
6.4149446514945585e-15
7.416633427602283e-15
9.492977061895263e-15
1.2872175871320432e-14
1.7979142218661523e-14
2.545168010748337e-14
3.6196610443564425e-14
5.1536226041576976e-14
7.339148066626102e-14
1.0451787851471513e-13
1.4884586301631663e-13
2.1197422511360404e-13
3.018765324171546e-13
4.2990812301710626e-13
6.122403538853451e-13
8.719031642302814e-13
1.241693931703514e-12
1.7683200308694417e-12
2.5182983308676676e-12
3.5863567844552122e-12
5.107399294407184e-12
7.273545113337217e-12
1.0358394986989413e-11
1.4751589046771707e-11
2.1008021388789676e-11
2.9917927536315156e-11
4.2606697401426876e-11
6.067702094298483e-11
8.641132070093295e-11
1.2306004014714006e-10
1.752522011505565e-10
2.495800875651645e-10
3.5543190572040715e-10
5.061775944901704e-10
7.208575639680212e-10
1.0265876669326086e-09
1.4619841753345586e-09
2.0820413723898183e-09
2.9650778538248484e-09
4.222628936359937e-09
6.013534705171428e-09
8.564003202779832e-09
1.2196183016482493e-08
1.736885440385017e-08
2.4735378892534853e-08
3.522622738691432e-08
5.0166511629241256e-08
7.144336565115445e-08
1.0174432127185988e-07
1.4489679041557018e-07
2.0635154026867463e-07
2.938712391186507e-07
4.1851106001260034e-07
5.960152305531498e-07
8.488059741883004e-07
1.2088161446898326e-06
1.7215234744460778e-06
2.4516962193076065e-06
3.49157629214293e-06
4.972534093023981e-06
7.081668145349252e-06
1.0085447872877632e-05
1.4363388541462104e-05
2.0456016319400196e-05
2.9133189314213232e-05
4.149141642572289e-05
5.9092486520692165e-05
8.416095145251188e-05
0.0001198654618771611
0.00017071958178910393
0.00024315285733491176
0.00034632451544531833
0.0004932829685548313
0.0007026182265379837
0.0010008169583687102
0.0014256192599153077
0.002030803440010576
0.002893006145862516
0.004121441642455929
0.005871744557935236
0.008365658268449663
0.01191895261478461
0.016980756236559605
0.024188224700227513
0.03444037134109803
0.04899165254992105
0.0695533797617545
0.09835517468874101
0.1380349703260451
0.1910772083809947
0.2583818869829089
0.33677910731165767
0.41655673032948637
0.48221552543348106
0.5194053543398655
0.5234551039123426
0.49705647856968654
0.438035460528853
0.3418219463281581
0.22625228502785408
0.14503938987192458
0.16773722152358478
0.36101796452871865
0.8072044227819021
1.6191007253206988
2.820716440099329
4.071542412971893
4.990602908128577
5.544366704652581
5.853480504225051
6.023994497604073
6.120553175297926
6.17784592084973
6.213496170293629
6.236484996237317
6.2516420143632425
6.261765018350848
6.2685792682203845
6.273191308523688
6.276326303388242
6.278465161493042
6.27992919467405
6.280934275478693
6.28162611455676
6.282103474366057
6.2824335504780535
6.282662220247123
6.282820905646423
6.282931190049909
6.283007937422695
6.2830614081740555
6.283098699752798
6.283124730822562
6.283142915742681
6.283155628091437
6.2831645200509705
6.283170742954283
6.283175099909644
6.283178151613042
6.283180289815058
6.283181788404173
6.283182838978267
6.283183575637032
6.283184092276815
6.283184454672403
6.283184708909834
6.28318488729234
6.283185012464696
6.283185100306474
6.283185161957649
6.283185205229574
6.283185235603129
6.28318525692353
6.283185271889627
6.283185282397507
6.283185289774619
6.283185294952564
6.283185298587386
6.283185301140207
6.28318530293133
6.28318530418904
6.283185305071756
6.283185305691698
6.28318530612661
6.283185306432089
6.283185306646782
6.283185306798429
6.283185306905116
6.283185306980115
6.283185307032442
6.283185307069749
6.283185307096954
6.283185307116355
6.283185307131758
6.28318530713826
6.283185307145886
6.283185307154651
6.283185307155825
6.283185307155594
6.283185307155635
6.283185307155685
6.283185307155711
6.283185307155639
6.283185307155632
6.283185307155632
6.283185307155632
6.283185307155632
6.283185307155632
6.283185307155632
6.283185307155632
6.283185307155632
6.283185307155632
6.283185307155632
6.283185307155632
6.283185307155632
6.283185307155632
6.283185307155632
6.283185307155632
6.283185307155632
6.283185307155632
