7.202691223314092e-15
7.202691223314092e-15
8.266168456966405e-15
1.0472978967462493e-14
1.40750302496958e-14
1.9513803434970857e-14
2.7491929662225895e-14
3.9018734486382094e-14
5.5522163232690505e-14
7.905846975977896e-14
1.1258630987122084e-13
1.6033592721783028e-13
2.28337397426988e-13
3.2517963150764326e-13
4.630945080514311e-13
6.59501714127161e-13
9.392089632088265e-13
1.3375453951614153e-12
1.904823914799906e-12
2.7126960946447456e-12
3.863202314836344e-12
5.501660242818644e-12
7.83501956783465e-12
1.1158001336386211e-11
1.589032349183752e-11
2.2629714497768215e-11
3.222741108749014e-11
4.5895676111420766e-11
6.536091685783014e-11
9.308174394592231e-11
1.32559513440033e-10
1.887805762711385e-10
2.6884609485709373e-10
3.8286897826279896e-10
5.452512268177557e-10
7.765030265011835e-10
1.1058333618248617e-09
1.5748393667567599e-09
2.242760415769312e-09
3.1939606015946733e-09
4.548584718215084e-09
6.47773372166666e-09
9.225076512309694e-09
1.3137627882737007e-08
1.8709580304755915e-08
2.664472614836132e-08
3.794535523710628e-08
5.40388570085674e-08
7.695801946765886e-08
1.0959780032665243e-07
1.560810062168692e-07
2.2227907420472236e-07
3.165537444519244e-07
4.5081331970175914e-07
6.420169528843354e-07
9.143170114730798e-07
1.3021101908242057e-06
1.854382879543897e-06
2.64089983444003e-06
3.7610181796196157e-06
5.356240561968161e-06
7.628093940686592e-06
1.0863593752762833e-05
1.5471512269602163e-05
2.203403623149362e-05
3.1380345298791656e-05
4.469141602159775e-05
6.364930728774806e-05
9.064981345477452e-05
0.00012910539470308965
0.00018387672871568786
0.0002618875253151472
0.0003730004758775857
0.0005312653217287006
0.0007566972190621504
0.0010778108143586164
0.001535231143954564
0.0021868383881384246
0.0031150956428305622
0.004437477784316349
0.006321287954722283
0.009004629708763813
0.012825862779674924
0.018264308625992712
0.025994596047105085
0.03695382786479749
0.05240951285833978
0.07398559512019265
0.1035358415958165
0.14264165558883457
0.19143390434257815
0.24669819801469003
0.30030931542299194
0.3407181531317854
0.35968843211075774
0.35977140555852694
0.3505590145958341
0.33209339479214084
0.2873741496950047
0.20061043617028018
0.08565852328298099
-0.006100594292223356
-0.012074386837464713
0.11850886469588705
0.4408665718659458
1.052035696138512
2.074730980870307
3.4042349980659043
4.565815317439157
5.320158757539672
5.747344546972947
5.97784895423964
6.101644744456507
6.170073777949925
6.209942041567221
6.234525209648288
6.250366312591527
6.260858899501392
6.267916379918614
6.272704329145753
6.275969985609186
6.278205938853941
6.279741634381177
6.28079920189156
6.281529221216743
6.282034195983451
6.282384151500865
6.282627076561831
6.282795951452063
6.2829134996954785
6.2829954136869794
6.283052552425383
6.2830924439113875
6.2831203153370545
6.283139801468158
6.283153432932208
6.283162973570269
6.283169653960369
6.283174333368243
6.283177612226782
6.283179910379737
6.283181521552944
6.283182651347568
6.2831834437332565
6.283183999563595
6.283184389514669
6.283184663123846
6.283184855122405
6.283184989863889
6.2831850844310635
6.283185150806423
6.283185197397549
6.283185230103073
6.283185253060958
6.283185269178127
6.283185280493262
6.2831852884373385
6.283185294015506
6.283185297929987
6.2831853006791185
6.283185302608397
6.28318530396321
6.283185304915406
6.2831853055833555
6.283185306051775
6.283185306381425
6.283185306612807
6.283185306775961
6.28318530689066
6.283185306971184
6.283185307027856
6.28318530706705
6.283185307099307
6.283185307121296
6.283185307134419
6.2831853071422525
6.283185307147991
6.283185307155259
6.28318530716114
6.283185307161516
6.283185307160666
6.283185307160252
6.283185307159992
6.283185307159998
6.283185307159934
6.283185307159934
6.283185307159934
6.283185307159934
6.283185307159934
6.283185307159934
6.283185307159934
6.283185307159934
6.283185307159934
6.283185307159934
6.283185307159934
6.283185307159934
6.283185307159934
6.283185307159934
6.283185307159934
6.283185307159934
6.283185307159934
