7.504400071398814e-15
7.504400071398814e-15
8.572350409132433e-15
1.0784738149807625e-14
1.4396683913301247e-14
1.985114000356949e-14
2.78386051721219e-14
3.9394894310922015e-14
5.598769380238071e-14
7.969234271502728e-14
1.1348019773682924e-13
1.6160688494998095e-13
2.3014701697150577e-13
3.2775668841472187e-13
4.667645356471592e-13
6.647282674886109e-13
9.46652193874764e-13
1.3481454360448129e-12
1.9199196256113405e-12
2.734194168656082e-12
3.893818106406368e-12
5.545260733477718e-12
7.897111789210453e-12
1.1246427939952358e-11
1.6016253318684077e-11
2.280905326068489e-11
3.248281033834713e-11
4.625939423041091e-11
6.587889341051787e-11
9.381940199975616e-11
1.336100226664939e-10
1.902766204428432e-10
2.709766299272154e-10
3.8590309747392285e-10
5.495721468131539e-10
7.826564865296762e-10
1.1145965482184002e-09
1.587319066700655e-09
2.260532795195929e-09
3.2192702576851463e-09
4.584628140919731e-09
6.529062955305479e-09
9.298173982563919e-09
1.324172496069676e-08
1.8857822943929922e-08
2.6855834732850572e-08
3.824598814307077e-08
5.446697616847218e-08
7.756768262783515e-08
1.1046598462736563e-07
1.573173238622067e-07
2.2403960556599735e-07
3.190607328327148e-07
4.543832104195549e-07
6.471003100692015e-07
9.215553409405092e-07
1.3124168240328932e-06
1.8690580983722647e-06
2.661794717698842e-06
3.7907677670700444e-06
5.398595622507689e-06
7.68839297954101e-06
1.0949434430355762e-05
1.559370630244577e-05
2.2207967172643195e-05
3.162789868927229e-05
4.504372238153573e-05
6.415063888138309e-05
9.136311777596091e-05
0.000130120147978212
0.00018532007451469053
0.0002639400576721032
0.0003759185729323672
0.0005354126798963374
0.0007625892121694558
0.0010861764678950269
0.0015470985732211982
0.0022036493869273346
0.0031388501759099436
0.004470888772449568
0.006367859843169042
0.009068371826422008
0.012909760467643748
0.01836502076632964
0.02608636738276428
0.03694316347076434
0.05201569527275455
0.07245090017259108
0.09900268032488023
0.13104585677727773
0.16512692945818824
0.19406529921038926
0.20894665968615414
0.20566846046900014
0.19178532681742924
0.1827264841632991
0.18462430834269175
0.18210092521416096
0.14757143470448417
0.06393271337814742
-0.053462222875634534
-0.15391709131709308
-0.18011025402184586
-0.0931104123859132
0.14074372898668544
0.5882341950958222
1.370278851881807
2.594345434485439
3.9519027109974796
4.965205114154456
5.568106309669344
5.8959712896826995
6.068283525216005
6.158318046120464
6.206584107834813
6.233931462438205
6.250483576973756
6.26106489806137
6.268070706546412
6.27279944028199
6.276023585921227
6.27823428508287
6.279755597272807
6.280805335229647
6.281531287887945
6.282034286436698
6.282383389629995
6.282626041109347
6.282794920914065
6.2829125920527185
6.28299466476059
6.283051958862732
6.283091986072906
6.283119968956252
6.283139543145425
6.283153242384737
6.283162834217546
6.283169552740506
6.283174260250327
6.283177559647709
6.283179872708809
6.283181494646178
6.283182632178661
6.28318343010587
6.283183989895042
6.283184382666174
6.283184658278462
6.283184851698521
6.2831849874485695
6.28318508272936
6.283185149606934
6.283185196554017
6.283185229508984
6.283185252644704
6.2831852688867595
6.283185280289561
6.283185288295515
6.2831852939169055
6.28318529786305
6.283185300633237
6.283185302578396
6.2831853039437116
6.283185304903443
6.283185305576999
6.283185306049048
6.283185306381096
6.283185306615059
6.28318530677954
6.283185306894825
6.283185306978334
6.283185307035022
6.283185307074654
6.283185307106448
6.283185307127348
6.283185307139914
6.2831853071476615
6.2831853071557395
6.283185307156451
6.283185307162436
6.283185307166322
6.283185307166375
6.283185307165459
6.283185307165033
6.283185307164888
6.283185307164886
6.283185307164886
6.283185307164886
6.283185307164886
6.283185307164886
6.283185307164886
6.283185307164886
6.283185307164886
6.283185307164886
6.283185307164886
6.283185307164886
6.283185307164886
6.283185307164886
6.283185307164886
6.283185307164886
6.283185307164886
6.283185307164886
