2.530180123069197e-19
2.530180123069197e-19
3.6060317577317167e-19
5.140128626407005e-19
7.327920771712989e-19
1.0448635037091439e-18
1.4901209604674599e-18
2.125590005688808e-18
3.032831371748553e-18
4.328573559856347e-18
6.180002024890062e-18
8.826775328616426e-18
1.2612778633699006e-17
1.8032003735048078e-17
2.5794974648431824e-17
3.692513765419482e-17
5.2899086864532825e-17
7.585113355263628e-17
1.0887266885830599e-16
1.564517338352054e-16
2.251208517580688e-16
3.2441561371547344e-16
4.682991647724297e-16
6.772886871302203e-16
9.816450849037142e-16
1.4261814460415758e-15
2.077549376714662e-15
3.0353385932792723e-15
4.449076062353426e-15
6.5444000753562405e-15
9.663575437960034e-15
1.4328534095576137e-14
2.1339460242369893e-14
3.192970878349249e-14
4.8010369624689325e-14
7.25580299491037e-14
1.1023207484843976e-13
1.6836109731781181e-13
2.5852457198391916e-13
3.9909701954016073e-13
6.193520868505559e-13
9.66100094345004e-13
1.5144478802904453e-12
2.3852772863177854e-12
3.7736899031708e-12
5.9953741788491385e-12
9.562296575663576e-12
1.530641958169277e-11
2.458214643234415e-11
3.9597914569831666e-11
6.395979417564604e-11
1.0356330638387655e-10
1.6805748228070461e-10
2.732497152309584e-10
4.4505791360208475e-10
7.260083009777086e-10
1.1859225613969083e-09
1.9395010553004763e-09
3.175260080664595e-09
5.2031664978219e-09
8.533067348865626e-09
1.4003846628668182e-08
2.2996152603943612e-08
3.778281797939624e-08
6.210616660782688e-08
1.0212920690718979e-07
1.6800299540920594e-07
2.764495159536302e-07
4.5501832401229793e-07
7.491019982676591e-07
1.2334990070601965e-06
2.0314724431156183e-06
3.346165146450031e-06
5.512383920983201e-06
9.081962228470354e-06
1.4964478051046895e-05
2.465922790994018e-05
4.063764390722262e-05
6.697373094563096e-05
0.00011038339383228088
0.00018193787241072598
0.0002998885395576191
0.000494323950411809
0.000814847653069622
0.0013432362305072234
0.0022143081004098813
0.0036503290996221837
0.006017735338444433
0.009920647439496279
0.016355029626559662
0.02696277633310713
0.04445029287749083
0.07327713299807254
0.12078476804688847
0.19902821019801187
0.3276653651150725
0.5381492191264842
0.8782267738535298
1.4101423855992128
2.180888049010582
3.1415926535897922
4.1022972581690045
4.873042921580374
5.404958533326057
5.7450360880531
5.9555199420645115
6.0841570969815715
6.1624005391326975
6.209908174181513
6.2387350143020965
6.256222530846479
6.266830277553025
6.273264659740088
6.27716757184114
6.279534978079964
6.280970999079176
6.2818420709490805
6.282370459526516
6.282690983229173
6.282885418640027
6.283003369307174
6.283074923785752
6.283118333448642
6.2831446695356785
6.283160647951674
6.283170342701532
6.283176225217357
6.283179794795665
6.283181961014437
6.283183275707143
6.2831840736805775
6.283184558077586
6.283184852161262
6.283185030730068
6.28318513917659
6.283185205050378
6.283185245073419
6.283185269396767
6.283185284183434
6.283185293175738
6.2831852986465195
6.283185301976419
6.283185304004326
6.283185305240084
6.283185305993662
6.2831853064535785
6.283185306734527
6.283185306906335
6.283185307011529
6.28318530707602
6.283185307115624
6.283185307139985
6.283185307155
6.28318530716428
6.283185307170024
6.28318530717359
6.283185307175811
6.2831853071772015
6.28318530717807
6.28318530717862
6.283185307178963
6.283185307179186
6.283185307179326
6.283185307179416
6.283185307179473
6.283185307179512
6.2831853071795365
6.2831853071795525
6.283185307179564
6.28318530717957
6.283185307179575
6.283185307179579
6.28318530717958
6.283185307179582
6.283185307179584
6.283185307179584
6.2831853071795845
6.2831853071795845
6.2831853071795845
6.2831853071795845
6.2831853071795845
6.2831853071795845
6.2831853071795845
6.2831853071795845
6.2831853071795845
6.2831853071795845
6.2831853071795845
6.2831853071795845
6.2831853071795845
6.2831853071795845
6.2831853071795845
6.2831853071795845
6.2831853071795845
6.2831853071795845
6.2831853071795845
6.2831853071795845
6.2831853071795845
6.2831853071795845
6.2831853071795845
6.2831853071795845
6.2831853071795845
