1.719656726589385e-16
1.719656726589385e-16
2.3922908693879642e-16
3.4050137770304107e-16
4.849118200945159e-16
6.905733799716797e-16
9.834607832739598e-16
1.400568666718865e-15
1.9945821815100906e-15
2.840531826803027e-15
4.045270908187757e-15
5.7609728079966125e-15
8.204353102229442e-15
1.1684044798337641e-14
1.6639585012714082e-14
2.3696938421386926e-14
3.374757219981951e-14
4.806107299200622e-14
6.844553486341728e-14
9.747598400090046e-14
1.3881970437874018e-13
1.976995760150524e-13
2.8155398279935636e-13
4.009766970623192e-13
5.71055547457608e-13
8.132791057915123e-13
1.1582524719863527e-12
1.6495655939174622e-12
2.3493034003969942e-12
3.3458948403053147e-12
4.765294070021451e-12
6.786909106488268e-12
9.666294881992597e-12
1.3767485292930133e-11
1.960906168937041e-11
2.792979913337057e-11
3.978221918992679e-11
5.6665926917917024e-11
8.071767450385458e-11
1.1498232448945159e-10
1.637992117732756e-10
2.333531573652686e-10
3.324604772077363e-10
4.736904950527672e-10
6.749662431053563e-10
9.618498748952534e-10
1.3708069684261558e-09
1.953871115393007e-09
2.7853129556376105e-09
3.971180714562915e-09
5.6629580225820835e-09
8.077131266616586e-09
1.1523248713167656e-08
1.644419805381255e-08
2.347409074133639e-08
3.3521560627226256e-08
4.7889816378442504e-08
6.844996023565241e-08
9.78916887649279e-08
1.4008670806164965e-07
2.0061681145353355e-07
2.875432880133606e-07
4.125312786229958e-07
5.924981903887019e-07
8.520390505823997e-07
1.2270087955850877e-06
1.76983540148337e-06
2.557435159793269e-06
3.703059956060167e-06
5.374117192705941e-06
7.819110447816875e-06
1.1408583076879381e-05
1.669767535699813e-05
2.4522218025400993e-05
3.614712972141645e-05
5.3496793298833976e-05
7.951453170833731e-05
0.00011872630149663064
0.00017812879072624644
0.00026859485878109434
0.00040710698244640983
0.000620320300634246
0.0009502670887537658
0.0014635194188292635
0.0022659496095106192
0.0035265702059909653
0.005516125067689751
0.008669674144431191
0.013688226290361236
0.02170389053626808
0.034548132431850745
0.05518654786141682
0.08841973164583482
0.1420002866507623
0.2283719028930742
0.367246593381453
0.5890034519671437
0.9377108287180357
1.468071701887213
2.2185529101339694
3.141592653588669
4.0646323970442255
4.815113605290751
5.345474478460315
5.694181855210725
5.9159387137965735
6.054813404285283
6.141185020527456
6.194765575531787
6.227998759316813
6.248637174746114
6.261481416641045
6.269497080887426
6.274515633033233
6.277669182110305
6.279658736971917
6.280919357568391
6.281721787758507
6.282235040089136
6.282564986877625
6.282778200196123
6.282916712319445
6.283007178387771
6.283066580877406
6.2831057926460145
6.283131810384328
6.2831491600481755
6.2831607849597075
6.283168609502123
6.283173898595337
6.28317748806807
6.2831799330606675
6.283181604118328
6.283182749742937
6.283183537343313
6.283184080168805
6.283184455139502
6.283184714680163
6.28318489464753
6.283185019634442
6.283185106561437
6.283185167091281
6.28318520928686
6.283185238728338
6.283185259287893
6.283185273656507
6.283185283703467
6.283185290733841
6.2831852956553
6.283185299101263
6.283185301514529
6.283185303206457
6.283185304392412
6.283185305224152
6.283185305807065
6.283185306216085
6.283185306503472
6.283185306704829
6.283185306845227
6.2831853069447865
6.283185307013877
6.283185307062646
6.283185307096945
6.283185307120938
6.283185307137441
6.283185307149085
6.283185307157385
6.283185307163306
6.283185307167736
6.283185307170171
6.283185307172459
6.283185307173783
6.283185307174889
6.283185307175943
6.283185307176099
6.283185307176207
6.283185307177153
6.2831853071772406
6.283185307177251
6.283185307177251
6.283185307177251
6.283185307177251
6.283185307177251
6.283185307177251
6.283185307177251
6.283185307177251
6.283185307177251
6.283185307177251
6.283185307177251
6.283185307177251
6.283185307177251
6.283185307177251
6.283185307177251
6.283185307177251
6.283185307177251
6.283185307177251
6.283185307177251
6.283185307177251
6.283185307177251
6.283185307177251
6.283185307177251
