7.252603199837295e-15
7.252603199837295e-15
8.264532195231398e-15
1.0359190443186653e-14
1.3767335614997596e-14
1.8911637570106905e-14
2.6434481705965623e-14
3.7297765594921485e-14
5.2907070585849314e-14
7.524650350020857e-14
1.071233858520978e-13
1.525459066916224e-13
2.1724111149091637e-13
3.093767749539802e-13
4.405893366235957e-13
6.27451742424903e-13
8.935661205802807e-13
1.2725447736043014e-12
1.8122556541596412e-12
2.5808684689362758e-12
3.675465066548092e-12
5.234301673892678e-12
7.454271810826665e-12
1.0615775609535626e-11
1.511813676838168e-11
2.153004064659192e-11
3.0661364340203714e-11
4.366547163204798e-11
6.218489378997531e-11
8.8558797375305e-11
1.261184447647572e-10
1.796079678528116e-10
2.5578360442341494e-10
3.642670895491498e-10
5.187609988534719e-10
7.387795623108752e-10
1.0521135826415643e-09
1.4983408277854716e-09
2.133825338766583e-09
3.0388371894405793e-09
4.3276921196216616e-09
6.163191988109549e-09
8.777190370232648e-09
1.2499881527272818e-08
1.7801513216275096e-08
2.5351793715365015e-08
3.61044994766638e-08
5.141797470184527e-08
7.322675061189797e-08
1.0428597402442198e-07
1.4851953952442158e-07
2.115159317579672e-07
3.012344638649043e-07
4.2901120992121714e-07
6.109918442682823e-07
8.701726233832699e-07
1.2393077258196754e-06
1.7650508684522717e-06
2.5138554692982398e-06
3.580380492801924e-06
5.099466833107795e-06
7.263202109550793e-06
1.034523780462309e-05
1.4735444224237126e-05
2.0989303609167292e-05
2.9898318266647087e-05
4.259038965010662e-05
6.067295051907165e-05
8.643709912987567e-05
0.00012314879885424134
0.0001754643821242125
0.0002500235868753145
0.00035629623738540634
0.0005077914314358599
0.0007237849280074295
0.001031787234793314
0.0014710696315166122
0.002097697985737614
0.002991704784098796
0.004267261011533974
0.006086963817359574
0.008681514353081596
0.012375769691879313
0.01762056081332697
0.025025173425753056
0.03537636232572766
0.04961925216422246
0.06878398849701105
0.09391988201433138
0.12628084399987677
0.16812094179741147
0.22399020616052323
0.30129382144798783
0.40912550073773984
0.5579530226197514
0.7634710732049855
1.0484906941836363
1.434007364790076
1.9264524319980272
2.509033059802358
3.141592653390477
3.774152247006752
4.356732874884124
4.849177942175122
5.234694612852663
5.519714233883382
5.725232284503075
5.8740598064061595
5.981891485707729
6.0591951010022616
6.115064365370098
6.15690446316942
6.189265425157013
6.2144013186742395
6.233566055006974
6.247808944843928
6.258160133743714
6.265564746355063
6.270809537477602
6.274503792816794
6.277098343354169
6.278918046159869
6.280193602387362
6.281087609184864
6.281714237536935
6.282153519934296
6.282461522242263
6.282677515740223
6.282829010933842
6.282935283585819
6.283009842791299
6.283062158372686
6.283098870072372
6.283124634220777
6.283142716781427
6.283155408852703
6.283164317867357
6.283170571727962
6.2831749619349075
6.283178043970363
6.283180207705497
6.283181726791425
6.283182793316754
6.283183542120919
6.283184067863602
6.2831844369978525
6.283184696179216
6.2831848781594966
6.283185005938909
6.2831850956564645
6.283185158652647
6.283185202885514
6.2831852339439225
6.283185255752484
6.283185271065081
6.283185281819644
6.283185289370419
6.283185294671883
6.283185298392469
6.28318530100752
6.283185302842838
6.283185304132159
6.28318530503789
6.283185305674135
6.2831853061193215
6.2831853064313785
6.283185306651418
6.283185306806438
6.283185306917246
6.283185306994743
6.2831853070496155
6.28318530708982
6.283185307113386
6.283185307132429
6.283185307145471
6.283185307156291
6.283185307160849
6.283185307162965
6.283185307163392
6.283185307170033
6.283185307172751
6.283185307171957
6.2831853071708705
6.2831853071704895
6.283185307170323
6.283185307170286
6.283185307170279
6.283185307170279
6.283185307170279
6.283185307170279
6.283185307170279
6.283185307170279
6.283185307170279
6.283185307170279
6.283185307170279
6.283185307170279
6.283185307170279
6.283185307170279
6.283185307170279
6.283185307170279
6.283185307170279
