6.460888579321351e-15
6.460888579321351e-15
7.36436267019392e-15
9.226934922619474e-15
1.2248150134953248e-14
1.679083415761953e-14
2.3427081140866513e-14
3.29892698484067e-14
4.67029055377365e-14
6.633667910915575e-14
9.438598814207676e-14
1.343842775411861e-13
1.9136936561245053e-13
2.725303758249833e-13
3.881152561383513e-13
5.527223171536434e-13
7.871424860738631e-13
1.120984804091141e-12
1.5964161427675255e-12
2.273487190179017e-12
3.237717334462061e-12
4.610896461980035e-12
6.5664680296289314e-12
9.351436432470984e-12
1.3317565771381778e-11
1.89658107248133e-11
2.7009591585120632e-11
3.8464905749321885e-11
5.477865771486196e-11
7.801141710477035e-11
1.110976892278515e-10
1.582165736098299e-10
2.2531962961028702e-10
3.2088262607501555e-10
4.569761325150368e-10
6.507901851862591e-10
9.26805620782549e-10
1.3198863597647914e-09
1.8796832612413374e-09
2.676905860746413e-09
3.8122542761870365e-09
5.4291396428206075e-09
7.731800083613441e-09
1.1011100925486387e-08
1.5681278792014527e-08
2.233227206091053e-08
3.180424977935257e-08
4.529375649524819e-08
6.450488631743007e-08
9.186459121475838e-08
1.3082933606989077e-07
1.8632186211149383e-07
2.653532726881358e-07
3.779090937387662e-07
5.382113540618221e-07
7.665163082981803e-07
1.0916752192157798e-06
1.5547822234860691e-06
2.2143709869768745e-06
3.153818097615089e-06
4.491890890625194e-06
6.3977762464236e-06
9.112495650872354e-06
1.2979423002487727e-05
1.848777890927885e-05
2.6334626607222427e-05
3.7513251833134104e-05
5.343917474762457e-05
7.612984946654013e-05
0.00010846097562196181
0.0001545321626972687
0.00022018871596251395
0.00031376634760077075
0.0004471541777373228
0.0006373119287818697
0.0009084342065995109
0.001295033253721073
0.0018463149600671407
0.0026323456292687486
0.0037526134341754756
0.005347559459379295
0.007613166679601513
0.010817022258004159
0.015310148012204683
0.021521373327519668
0.029913737769372756
0.040893991166742256
0.05473769885428304
0.07174389511761667
0.09290965945709875
0.12099918045088862
0.16095585573737253
0.2188581717694762
0.3017126478058679
0.42151350142106203
0.5995209380577015
0.8632019197691849
1.2407375665131566
1.7550253958586457
2.4044538031661618
3.141592653309654
3.878731503501549
4.5281599109197055
5.042447740387316
5.419983387227816
5.683664369007377
5.861671805687992
5.981472659330405
6.064327135383671
6.122229451426056
6.16218612671962
6.190275647717275
6.211441412057515
6.228447608321281
6.242291316008725
6.253271569405098
6.261663933845929
6.2678751591622275
6.272368284917572
6.275572140496878
6.277837747717792
6.27943269374387
6.280552961548336
6.281338992216621
6.28189027392137
6.282276872968681
6.282547995246481
6.282738152997765
6.282871540828753
6.282965118461002
6.283030775013678
6.283076846201608
6.283109177327741
6.283131868001707
6.283147793924747
6.283158972547812
6.283166819397098
6.28317232775324
6.283176194681609
6.283178909399741
6.2831808152863236
6.283182153357947
6.283183092805799
6.2831837523948995
6.28318421549974
6.283184540660052
6.2831847689635945
6.283184929267691
6.283185041823233
6.283185120854796
6.283185176346889
6.28318521531112
6.283185242670751
6.283185261880749
6.283185275369921
6.2831852848427046
6.28318529149391
6.28318529616552
6.283185299444409
6.283185301745908
6.283185303363498
6.283185304499769
6.283185305297349
6.28318530585617
6.283185306249377
6.2831853065250565
6.283185306718677
6.28318530685611
6.283185306954101
6.283185307020544
6.283185307070518
6.283185307103835
6.283185307124972
6.283185307139981
6.28318530715088
6.283185307159435
6.283185307163273
6.28318530716773
6.283185307168249
6.283185307172169
6.283185307175365
6.283185307177616
6.283185307177437
6.28318530717686
6.283185307176628
6.283185307176457
6.28318530717638
6.283185307176375
6.283185307176375
6.283185307176375
6.283185307176375
6.283185307176375
6.283185307176375
6.283185307176375
6.283185307176375
6.283185307176375
6.283185307176375
6.283185307176375
6.283185307176375
6.283185307176375
6.283185307176375
