5.226973055133804e-15
5.226973055133804e-15
5.98261622248003e-15
7.527201167648571e-15
1.0021197500574122e-14
1.3752946065377177e-14
1.918362760804283e-14
2.6996862188777042e-14
3.817281629967516e-14
5.414359923010966e-14
7.69636467273939e-14
1.0953256837631978e-13
1.5595854940735462e-13
2.2209444339980622e-13
3.162866167389079e-13
4.5042934986841276e-13
6.414650182195493e-13
9.135226907041264e-13
1.3009653200082427e-12
1.852729922792749e-12
2.6385086911075878e-12
3.757551679782124e-12
5.351202907265145e-12
7.620753288777438e-12
1.0852865391779776e-11
1.545578140228903e-11
2.2010887724243215e-11
3.134614934667304e-11
4.4640689519273296e-11
6.357372431120953e-11
9.053666422693747e-11
1.2893517392829835e-10
1.8361934416037778e-10
2.6149631260294463e-10
3.724027168421055e-10
5.30347184372593e-10
7.552798078919671e-10
1.0756121244154582e-09
1.5318059243195751e-09
2.181484239583567e-09
3.10671015933204e-09
4.42435299325008e-09
6.300851356917807e-09
8.973238279391368e-09
1.277908464089119e-08
1.819914414082439e-08
2.5918088021076105e-08
3.691100383825678e-08
5.256658874497646e-08
7.486260578539884e-08
1.0661577828547862e-07
1.5183770835200433e-07
2.1624181171592311e-07
3.0796535969031806e-07
4.38597928290203e-07
6.246463214209271e-07
8.896212727174631e-07
1.2670099435091872e-06
1.8045104098289765e-06
2.5700642126196706e-06
3.660450949395073e-06
5.213533800890816e-06
7.425708184100561e-06
1.0576766466053364e-05
1.506533420565978e-05
2.1459378199168206e-05
3.0568205835881627e-05
4.354511488260233e-05
6.203376402580354e-05
8.837691799299023e-05
0.00012591418769746532
0.00017940673576405367
0.00025564303099380296
0.0003643024356411977
0.0005191848704706621
0.0007399568978379558
0.0010546165387084968
0.0015029306415559262
0.0021411108042434486
0.0030478530089734627
0.0043312854750347084
0.006134736709155093
0.008635584272690185
0.012025348861222116
0.016454594883609435
0.021939706670747315
0.02829311340890241
0.03526290277046697
0.04311214968675382
0.05349450014374351
0.06971064436225533
0.095665088587209
0.13547563113600858
0.1969082474451269
0.2957315688267412
0.4543780867732682
0.6998964600109633
1.06760411700363
1.59670056660083
2.3045504546033238
3.1415926532092815
3.9786348518904093
4.686484740059936
5.2155811898263185
5.583288846945548
5.828807220267077
5.987453738266109
6.0862770596814375
6.14770967601115
6.1875202185754095
6.213474662807317
6.22969080703064
6.240073157489428
6.247922404406336
6.254892193767954
6.261245600506594
6.266730712293069
6.271159958316432
6.274549722906281
6.277050570472018
6.278854021706394
6.280137454172642
6.281044196376924
6.2816823765395355
6.282130690641723
6.282445350281085
6.282666122307548
6.2828210047419875
6.282929664147284
6.283005900442872
6.283059392991308
6.283096930261292
6.283123273416745
6.283141762065469
6.283154738973565
6.283163847800051
6.283170241844608
6.28317473041296
6.283177881470393
6.283180093644426
6.283181646727931
6.283182737115173
6.283183502668906
6.2831840401691865
6.28318441755745
6.283184682532641
6.283184868580573
6.283184999214025
6.28318509093677
6.283185155340607
6.28318520056157
6.283185232315222
6.283185254610924
6.2831852702665145
6.283185281259486
6.283185288977567
6.283185294399068
6.283185298205352
6.283185300878998
6.28318530275538
6.283185304072613
6.283185304997869
6.283185305647574
6.283185306102322
6.283185306422402
6.283185306648353
6.283185306806893
6.283185306919691
6.28318530699732
6.283185307053367
6.283185307091649
6.283185307115791
6.283185307136765
6.283185307147765
6.283185307156761
6.283185307157521
6.283185307165439
6.283185307171462
6.28318530717607
6.283185307172661
6.283185307173957
6.283185307177442
6.283185307179774
6.283185307179887
6.283185307179569
6.283185307179364
6.283185307179186
6.283185307179167
6.283185307179167
6.283185307179167
6.283185307179167
6.283185307179167
6.283185307179167
6.283185307179167
6.283185307179167
6.283185307179167
6.283185307179167
6.283185307179167
6.283185307179167
6.283185307179167
6.283185307179167
