3.7202783312720825e-15
3.7202783312720825e-15
4.305330039287964e-15
5.48783693086291e-15
7.376883236260358e-15
1.0187798298050405e-14
1.4252650672859577e-14
2.0078655518364903e-14
2.8395014845159055e-14
4.0243266849362586e-14
5.714080404860686e-14
8.125808758695706e-14
1.1565939181996323e-13
1.64687343132134e-13
2.34526047394153e-13
3.339907988767549e-13
4.756422166512917e-13
6.773711524230314e-13
9.64657326612689e-13
1.3737871754296144e-12
1.9564369916820947e-12
2.7862000316321908e-12
3.967881943269004e-12
5.6507385927054886e-12
8.047328343760373e-12
1.146036001082648e-11
1.632092764276988e-11
2.3242961576651414e-11
3.310077350048361e-11
4.7139490316078205e-11
6.713232586873986e-11
9.560455587057005e-11
1.3615248692845183e-10
1.9389770983318e-10
2.7613401596276565e-10
3.932486925586135e-10
5.600345722195036e-10
7.975585728859678e-10
1.1358227629467133e-09
1.617554103552504e-09
2.3036016063027303e-09
3.280622715394845e-09
4.672029939353642e-09
6.653580666481932e-09
9.475579756715002e-09
1.34945000585496e-08
1.921801606973165e-08
2.7369140990911443e-08
3.897757172439328e-08
5.550978524740104e-08
7.905432818700064e-08
1.1258571901765227e-07
1.6034032201663432e-07
2.2835171205154957e-07
3.2521322229509254e-07
4.631641082494602e-07
6.596367130867017e-07
9.39460373243387e-07
1.3380009620909002e-06
1.9056334896761255e-06
2.7141141146562982e-06
3.8656587605558285e-06
5.505878912569167e-06
7.84221484731283e-06
1.1170204954206133e-05
1.5910926056218893e-05
2.266436084073711e-05
3.2285475694389966e-05
4.599268226998674e-05
6.552247058569277e-05
9.334984069852631e-05
0.00013300239084372987
0.00018950735604112413
0.00027002629845951647
0.00038475151132378915
0.0005481584294845636
0.0007807168775487464
0.0011111220631464047
0.0015789092939469192
0.0022367145567513767
0.0031499322672019063
0.004388385623087455
0.005999843255932935
0.007952819467733338
0.01005069393887111
0.011876764754015032
0.012930886837016538
0.013137498319900432
0.013568249955823435
0.01657715093635564
0.02476606262909383
0.04043473160262331
0.06834467330731357
0.11957194864520229
0.21029264159158406
0.3593637897202444
0.5936040183053246
0.9533423160102862
1.4885597216088153
2.2337780109196643
3.141592653092983
4.049407295375931
4.7946255849238355
5.329842990745086
5.689581288608945
5.92382151729457
6.072892665484833
6.163613358470174
6.2148406338327495
6.242750575553802
6.258419244536423
6.266608156233328
6.269617057218012
6.270047808855062
6.270254420339384
6.27130854242305
6.273134613239587
6.275232487709911
6.2771854639237965
6.278796921558255
6.280035374915569
6.2809485926247985
6.281606397887845
6.282074185119505
6.282404590303241
6.282637148750003
6.282800555666633
6.282915280879407
6.282995799820419
6.283052304786954
6.283091957339021
6.283119784708145
6.283139314497855
6.283153021705127
6.283162642819143
6.283169396253793
6.283174136975016
6.283177464964363
6.283179801299145
6.283181441519079
6.2831825930643195
6.283183401546146
6.283183969178527
6.283184367718302
6.283184647542745
6.283184844014585
6.283184981966194
6.283185078826109
6.283185146838575
6.283185194591594
6.28318522812193
6.283185251667032
6.2831852681991895
6.2831852798091
6.283185287959421
6.283185293683264
6.283185297703444
6.28318530052534
6.283185302506946
6.283185303901433
6.2831853048766995
6.283185305561002
6.2831853060421485
6.283185306380404
6.283185306616838
6.283185306784548
6.283185306903773
6.283185306985945
6.283185307044207
6.283185307085096
6.2831853071103305
6.283185307129992
6.28318530714381
6.283185307155487
6.283185307156129
6.283185307159883
6.283185307165803
6.283185307173494
6.283185307175095
6.283185307172691
6.283185307171504
6.283185307172535
6.283185307175828
6.283185307178227
6.283185307178081
6.283185307177823
6.283185307177625
6.283185307177607
6.283185307177607
6.283185307177607
6.283185307177607
6.283185307177607
6.283185307177607
6.283185307177607
6.283185307177607
6.283185307177607
6.283185307177607
6.283185307177607
6.283185307177607
6.283185307177607
6.283185307177607
