2.1556616036079292e-15
2.1556616036079292e-15
2.5697762860538704e-15
3.3891877248455803e-15
4.675943094675675e-15
6.566250454125568e-15
9.27925362643866e-15
1.313680732210142e-14
1.862073145352837e-14
2.6411134501170684e-14
3.7480343596048725e-14
5.3246051275743734e-14
7.573361708681454e-14
1.0780155511012354e-13
1.535000326081463e-13
2.185947411886061e-13
3.1130283342246393e-13
4.433318519820894e-13
6.313573377477624e-13
8.991281682606168e-13
1.2804658412695088e-12
1.823536283279723e-12
2.596933569755519e-12
3.698343916924625e-12
5.266884266912624e-12
7.50067393939515e-12
1.068185881547566e-11
1.5212248853437846e-11
2.1664070316769908e-11
3.085224325782092e-11
4.393731370301079e-11
6.25720420706718e-11
8.911016373701215e-11
1.269036909277908e-10
1.80726309291303e-10
2.573763504430239e-10
3.665355055934079e-10
5.219917507257177e-10
7.433809619441931e-10
1.0586672231678158e-09
1.507675145667729e-09
2.147120420627214e-09
3.0577741046328673e-09
4.354665711523822e-09
6.201614118584633e-09
8.831922112724641e-09
1.2577849216641686e-08
1.791258669291034e-08
2.551003855904926e-08
3.632996282587247e-08
5.173923257693148e-08
7.368454237213647e-08
1.0493838942035788e-07
1.4944942406242358e-07
2.128414631189623e-07
3.0312426390580696e-07
4.3170594817221716e-07
6.14835139140167e-07
8.756552713516019e-07
1.247131053029689e-06
1.7762175443055923e-06
2.5297997946017417e-06
3.6031554702795684e-06
5.13201293026949e-06
7.3097334218894774e-06
1.04117962867802e-05
1.4830692206631531e-05
2.1125646713778543e-05
3.0093463489012745e-05
4.286940595224053e-05
6.107068383444021e-05
8.700001947255242e-05
0.0001239329223498359
0.0001765186860098941
0.0002513275862611254
0.0003575622355844424
0.0005078829649125666
0.0007190820536950561
0.001011766089250137
0.001406862999841731
0.0019141548575221411
0.002504430240426469
0.0030562228330153125
0.0032831333502790177
0.002698596664999759
0.0007560728047308393
-0.002697562157558887
-0.006820142761324525
-0.009727181323821209
-0.00949201594906121
-0.004779421916139879
0.007386062454006105
0.03498136585146792
0.08974745217796291
0.18387666401649438
0.33386235651928015
0.5671611854067743
0.9245896474258043
1.4597858660039233
2.213813189191115
3.141592652968357
4.069372116894246
4.823399440388106
5.35859565924863
5.716024121461127
5.949322950468987
6.099308643044406
6.193437854926592
6.248203941279855
6.275799244692573
6.287964729073454
6.292677323112527
6.292912488491133
6.290005449931902
6.285882869330908
6.282429234370122
6.28048671051061
6.279902173826253
6.280129084343893
6.280680876937656
6.281271152321601
6.281778444179521
6.2821735410904305
6.282466225125898
6.282677424212112
6.282827744941061
6.282933979589278
6.283008788488319
6.2830613742512575
6.283098307155792
6.283124236492546
6.28314243777094
6.283155213713182
6.283164181530619
6.283170476486681
6.283174895381687
6.283177997445222
6.283180175163912
6.283181704020925
6.2831827773746785
6.28318353095876
6.283184060044844
6.283184431522016
6.2831846923419015
6.283184875469522
6.283185004053124
6.28318509433379
6.283185157725921
6.283185202236937
6.283185233490223
6.283185255434267
6.283185270843138
6.283185281664491
6.283185289262
6.283185294597533
6.283185298345288
6.28318530097551
6.283185302822856
6.28318530411936
6.283185305031219
6.283185305670222
6.283185306117131
6.283185306431173
6.283185306652304
6.283185306807858
6.283185306917016
6.283185306994417
6.283185307048269
6.283185307087529
6.283185307110511
6.283185307128444
6.283185307141795
6.2831853071484645
6.283185307155612
6.283185307156801
6.283185307162765
6.283185307166162
6.283185307169018
6.283185307168307
6.283185307170859
6.283185307171243
6.283185307168643
6.283185307168394
6.28318530717069
6.283185307172382
6.283185307172474
6.283185307172404
6.2831853071722925
6.283185307172289
6.283185307172289
6.283185307172289
6.283185307172289
6.283185307172289
6.283185307172289
6.283185307172289
6.283185307172289
6.283185307172289
6.283185307172289
6.283185307172289
6.283185307172289
6.283185307172289
