7.60731701870219e-16
7.60731701870219e-16
1.0259629580040792e-15
1.5273317076025699e-15
2.2903804175019503e-15
3.381311124506023e-15
4.920825203571416e-15
7.083923176594929e-15
1.0125276437637062e-14
1.442253532147518e-14
2.049990771109061e-14
2.911043052241021e-14
4.135888193745841e-14
5.882353403221022e-14
8.372800849074286e-14
1.1921933049844158e-13
1.697756663179141e-13
2.417787641215738e-13
3.443212720943546e-13
4.903544207043733e-13
6.983231256927748e-13
9.944953873895958e-13
1.4162800353714677e-12
2.016951730683088e-12
2.8723799730289525e-12
4.090612025704784e-12
5.825520159388311e-12
8.296236979318034e-12
1.1814833689863147e-11
1.6825737312456845e-11
2.3961865618854262e-11
3.412457016063694e-11
4.859748499433677e-11
6.920866136907653e-11
9.856146773122771e-11
1.4036342031804588e-10
1.998944795422865e-10
2.8467396386456923e-10
4.054103212734634e-10
5.773537280280707e-10
8.222223685785247e-10
1.170945717666918e-09
1.6675713503656478e-09
2.3748287866884014e-09
3.382053203970136e-09
4.816469969654692e-09
6.859265527253414e-09
9.768474857567356e-09
1.3911576948230701e-08
1.9811916271644547e-08
2.8214815214237087e-08
4.0181730527170776e-08
5.7224350708019755e-08
8.149557880733052e-08
1.1606153473141058e-07
1.6528895190204797e-07
2.353969304604446e-07
3.352427884726464e-07
4.774413529013457e-07
6.799591988214997e-07
9.683854129208332e-07
1.3791660199580181e-06
1.9642110676085442e-06
2.797456837078556e-06
3.984212365557982e-06
5.674469664985976e-06
8.081852059520089e-06
1.1510568911075623e-05
1.6393700320403953e-05
2.334740093474608e-05
3.324714271559536e-05
4.7333527910816795e-05
6.735506411024876e-05
9.574917815030742e-05
0.00013583812569942057
0.00019194012937182606
0.0002690864710579692
0.00037151318486043324
0.0004979405068379311
0.0006295318618966772
0.0007038329210596899
0.000568732547916639
-7.457526019752537e-05
-0.001686180744049845
-0.004741960228614762
-0.009325070315978857
-0.014622515988161139
-0.018942879781638704
-0.02066526108425701
-0.018897650042220607
-0.011644317929920172
0.007157522205205107
0.046486762880119374
0.11440535926734542
0.2204258229253681
0.38159356625124835
0.6242854998539877
0.986965500622153
1.5186475192628162
2.2522185075718335
3.1415926528443987
4.030966798292859
4.764537786971796
5.296219805955143
5.658899806960189
5.901591740707972
6.062759484119168
6.168779947826654
6.236698544240746
6.27602778493242
6.294829625077092
6.302082957197707
6.303850568244559
6.302128186946284
6.297807823155938
6.2925103774857725
6.287927267398621
6.284871487916106
6.283259882432167
6.282616574624564
6.282481474251847
6.282555775312618
6.282687366667768
6.28281379398793
6.282916220700618
6.28299336704145
6.283049469044255
6.283089557990689
6.283117952105713
6.283137973642843
6.283152060028712
6.283161959770685
6.283168913471815
6.283173796603684
6.283177225322264
6.283179632704488
6.283181322961671
6.283182509717099
6.283183342961443
6.283183928005171
6.283184338786017
6.283184627212021
6.283184829730905
6.283184971930318
6.283185071774314
6.283185141882785
6.28318519110829
6.283185225675097
6.283185249945742
6.283185266989094
6.283185278954531
6.283185287357444
6.283185293257889
6.283185297401234
6.283185300312677
6.283185302356528
6.2831853037917345
6.283185304799472
6.283185305506238
6.283185306000563
6.283185306349214
6.28318530659435
6.2831853067650405
6.28318530688435
6.283185306969371
6.283185307028318
6.283185307068514
6.283185307099373
6.283185307118863
6.283185307131493
6.28318530714292
6.2831853071473605
6.283185307153551
6.283185307152419
6.283185307160022
6.2831853071615145
6.2831853071643895
6.283185307162918
6.283185307165675
6.283185307168871
6.283185307170914
6.283185307169336
6.283185307164368
6.283185307162857
6.283185307164822
6.283185307166197
6.283185307166505
6.283185307166545
6.28318530716644
6.283185307166397
6.283185307166397
6.283185307166397
6.283185307166397
6.283185307166397
6.283185307166397
6.283185307166397
6.283185307166397
6.283185307166397
6.283185307166397
6.283185307166397
6.283185307166397
