-2.5961865670981727e-16
-2.5961865670981727e-16
-1.0291239847905741e-16
1.6904413180805643e-16
5.519674089609822e-16
1.0697092813014025e-15
1.7659491375885494e-15
2.7174838649720663e-15
4.0246609986987195e-15
5.836974682149812e-15
8.374959933419116e-15
1.1935291713180589e-14
1.6950327678378447e-14
2.406775441546187e-14
3.421455016068375e-14
4.8689180682668705e-14
6.932246683999867e-14
9.871726075324528e-14
1.405832021297408e-13
2.0020664290240608e-13
2.851178390073253e-13
4.060414826432966e-13
5.782510088157062e-13
8.234976230819819e-13
1.1727575787297066e-12
1.6701446440312804e-12
2.3784819020957966e-12
3.387236614168071e-12
4.823820336567738e-12
6.869681511727553e-12
9.783223034307869e-12
1.3932439265835336e-11
1.984139448776388e-11
2.825641285958301e-11
4.024033933004156e-11
5.7306775974502326e-11
8.161124652254608e-11
1.1622343082175688e-10
1.6551484827076924e-10
2.3571094727978466e-10
3.356773168999355e-10
4.780392971429766e-10
6.807763571817928e-10
9.694925475380583e-10
1.3806496763652087e-09
1.9661713781312137e-09
2.7999992631464592e-09
3.987428678352447e-09
5.678402332057628e-09
8.086439343085672e-09
1.1515588082042582e-08
1.6398803006154376e-08
2.3352585930836108e-08
3.3254782052300525e-08
4.7355338292584726e-08
6.743398271195526e-08
9.602468987825858e-08
1.3673519850167243e-07
1.9470179541805424e-07
2.7723656441245204e-07
3.947484275633027e-07
5.620535494837545e-07
8.002391748340723e-07
1.1393134080425236e-06
1.621969313521368e-06
2.3089240278453516e-06
3.286470531754159e-06
4.6770999642282e-06
6.654277252322852e-06
9.462524629472745e-06
1.3443376203100808e-05
1.9065003640641734e-05
2.694413679334069e-05
3.782187850962092e-05
5.238080765184508e-05
7.059942039645766e-05
8.988359474477347e-05
0.00010024635542980529
7.313336250058956e-05
-6.124807004874996e-05
-0.0004514872937182334
-0.001366371369219496
-0.003190626318263073
-0.006275611746757629
-0.010570887989397515
-0.015204471919944212
-0.018550497144774688
-0.01911999667663967
-0.01620772655802105
-0.008360246087796291
0.009263058891318426
0.043897136577562064
0.10117087742891173
0.18639319719630523
0.3102271475585511
0.48980511437808105
0.749611093771502
1.1236748003357826
1.6480966123673964
2.336817871019393
3.1415926527187956
3.946367434607766
4.635088693679782
5.159510506117684
5.533574212971717
5.793380192543961
5.97295815946574
6.096792109885083
6.182014429682585
6.2392881705526015
6.273922248248797
6.2915455532342195
6.299393033712191
6.302305303834669
6.301735804306052
6.298389779082097
6.293756195153634
6.289460918911064
6.286375933483931
6.28455167853525
6.2836367944607785
6.2832465552372065
6.283112173803974
6.283085060810922
6.283095423569904
6.283114707742979
6.283132926355025
6.28314748528577
6.283158363027855
6.283166242162071
6.283171863789681
6.283175844640603
6.28317865288975
6.28318063006804
6.283182020696867
6.283182998243863
6.283183685199534
6.283184167855633
6.28318450692919
6.283184745114197
6.283184912417374
6.283185029930085
6.283185112464875
6.283185170431767
6.283185211142552
6.283185239729922
6.2831852598093585
6.283185273909446
6.283185283813438
6.283185290766181
6.283185295649315
6.283185299078589
6.283185301485807
6.283185303177992
6.283185304366153
6.283185305201073
6.283185305788581
6.2831853061998375
6.283185306486506
6.283185306687893
6.283185306828157
6.28318530692944
6.28318530700019
6.283185307047963
6.2831853070805
6.283185307103863
6.283185307120283
6.283185307130832
6.283185307138487
6.2831853071462636
6.283185307148468
6.283185307151658
6.283185307154365
6.283185307158325
6.28318530715789
6.283185307158934
6.2831853071587735
6.283185307160057
6.283185307163819
6.2831853071683295
6.283185307169601
6.2831853071697
6.28318530716321
6.283185307158456
6.283185307157778
6.283185307160211
6.283185307161669
6.283185307162097
6.2831853071619355
6.283185307161797
6.283185307161773
6.283185307161773
6.283185307161773
6.283185307161773
6.283185307161773
6.283185307161773
6.283185307161773
6.283185307161773
6.283185307161773
6.283185307161773
6.283185307161773
