-7.562668769574722e-16
-7.562668769574722e-16
-6.528408779723671e-16
-4.925503683476515e-16
-2.9347205212848383e-16
-5.215359456063579e-17
2.4492133206321033e-16
6.216255469909872e-16
1.118117486181323e-15
1.777936456865336e-15
2.67243547446798e-15
3.904315286358767e-15
5.601066654996123e-15
7.957266362693329e-15
1.1281577113318675e-14
1.6018523976849004e-14
2.2782139692084174e-14
3.243004887535687e-14
4.6178636244520594e-14
6.576191788517087e-14
9.365196413069797e-14
1.3337082683353126e-13
1.8993490520741927e-13
2.704882514019902e-13
3.852047329683262e-13
5.485728858804982e-13
7.812256600328026e-13
1.1125460869451725e-12
1.5843778720291864e-12
2.2563094061624586e-12
3.2131983101968153e-12
4.575886429452939e-12
6.516457854769617e-12
9.279965844023758e-12
1.3215370724149017e-11
1.8819592844356918e-11
2.680023883874616e-11
3.8164914171122505e-11
5.4348386587669895e-11
7.739363547073196e-11
1.102096109234766e-10
1.5693818684872554e-10
2.2347653719724406e-10
3.182207179900077e-10
4.531240495602607e-10
6.452034438863331e-10
9.186830524649349e-10
1.3080445346176473e-09
1.8623668119841247e-09
2.6514994855774485e-09
3.77484312237993e-09
5.3738346375228904e-09
7.649696967231202e-09
1.0888665565439808e-08
1.5497829468574384e-08
2.205603359492005e-08
3.138613834768143e-08
4.465754133192443e-08
6.353153732637645e-08
9.036724153861691e-08
1.2851298172799752e-07
1.827179795644147e-07
2.597125757346847e-07
3.6902275928446067e-07
5.241055959912105e-07
7.439110339124175e-07
1.0549732178323873e-06
1.4940505488360586e-06
2.1109907861594807e-06
2.9703895359558045e-06
4.147327612751327e-06
5.703177915835769e-06
7.602048900696318e-06
9.461458797464778e-06
9.86320668188316e-06
4.562016295690934e-06
-1.786421782500859e-05
-8.566222755176386e-05
-0.0002626365637135822
-0.0006773047199103477
-0.0015501812345830718
-0.003174016028847891
-0.005763944826065363
-0.009127224793653034
-0.012317264365291512
-0.013741887968607798
-0.01199531545207237
-0.006473218901219318
0.003928334019892999
0.023177676722172014
0.057292416715160215
0.11039223983854234
0.18521863036097158
0.2885795461532646
0.4324965007515615
0.6334531700558054
0.9144609372429221
1.3016275250695448
1.8132529830322495
2.441755449739931
3.1415926525752877
3.8414298556095
4.469932322777117
4.981557781216802
5.36872436939853
5.6497321368106075
5.850688806243853
5.994605760912091
6.097966676742701
6.172793067285723
6.22589289042069
6.260007630420158
6.279256973128378
6.289658526053418
6.295180622606652
6.296927195124947
6.295502571522149
6.2923125319509525
6.288949251984845
6.286359323189487
6.284735488395917
6.28386261187953
6.283447943722765
6.283270969387798
6.2832031713758045
6.283180745140789
6.283175443950884
6.283175845700548
6.283177705110908
6.28317960398303
6.28318115983331
6.283182336770962
6.2831831961709765
6.283183813111838
6.2831842521889
6.283184563249979
6.283184783057619
6.283184938141096
6.2831850474519975
6.2831851244448575
6.283185178649787
6.283185216794522
6.283185243630661
6.283185262504292
6.283185275774079
6.283185285104165
6.283185291660833
6.283185296271209
6.283185299511227
6.28318530178701
6.283185303385766
6.283185304508654
6.283185305298791
6.283185305853122
6.283185306241911
6.283185306517341
6.283185306710225
6.2831853068448265
6.283185306937462
6.28318530700422
6.28318530704949
6.283185307081112
6.283185307105462
6.283185307120816
6.283185307129492
6.28318530713575
6.283185307141312
6.2831853071423645
6.283185307146616
6.283185307148988
6.28318530715085
6.2831853071548505
6.283185307154641
6.283185307159849
6.2831853071553185
6.283185307154382
6.283185307155106
6.2831853071602906
6.283185307162354
6.283185307167526
6.283185307168955
6.2831853071673915
6.283185307163943
6.283185307158633
6.28318530715446
6.28318530715413
6.283185307156094
6.283185307157198
6.283185307157419
6.2831853071573915
6.28318530715728
6.283185307157265
6.283185307157245
6.283185307157245
6.283185307157245
6.283185307157245
6.283185307157245
6.283185307157245
6.283185307157245
6.283185307157245
6.283185307157245
