-6.586780246396993e-16
-6.586780246396993e-16
-5.453642490839663e-16
-3.645525476603532e-16
-1.2764398422882206e-16
1.721532399211624e-16
5.629170249864517e-16
1.0822240408021374e-15
1.789981262372241e-15
2.770568154308359e-15
4.13096383264252e-15
6.0351741106980944e-15
8.711986387579397e-15
1.2468447036541447e-14
1.7757370960608466e-14
2.525466618161612e-14
3.592859741215153e-14
5.114177777919848e-14
7.281951276505533e-14
1.0369844838269404e-13
1.4767675225876535e-13
2.1030785354096225e-13
2.995016988633975e-13
4.2652339070078716e-13
6.074156954242872e-13
8.650250334856086e-13
1.2318867144802403e-12
1.7543337000717028e-12
2.498347674110573e-12
3.5578911620612225e-12
5.066772632843828e-12
7.215542449536325e-12
1.0275552462919258e-11
1.4633216024212876e-11
2.0838792198250817e-11
2.967585019615503e-11
4.226017836065599e-11
6.018061489338013e-11
8.569956234618705e-11
1.2203846955425567e-10
1.7378426892657066e-10
2.474679888162024e-10
3.523884321993389e-10
5.017846421287292e-10
7.145047236007753e-10
1.0173809465929108e-09
1.4486097059407811e-09
2.0625609145200206e-09
2.9366204372327835e-09
4.180923460003183e-09
5.952197707346939e-09
8.473447714174156e-09
1.2061937876259391e-08
1.716896158972287e-08
2.4436341613766172e-08
3.4776668724255595e-08
4.9487197993016414e-08
7.041142732498459e-08
1.0016815335042469e-07
1.424758736256336e-07
2.0261161085234504e-07
2.8805855982090443e-07
4.094172936465329e-07
5.816805084189189e-07
8.259975067896325e-07
1.172065725967378e-06
1.6612304135713044e-06
2.350094398719184e-06
3.3134922513550394e-06
4.6428265795393395e-06
6.427639211246479e-06
8.68611852678027e-06
1.115229407168187e-05
1.2684617245286449e-05
9.736468765218806e-06
-7.30899500106088e-06
-6.209064261121623e-05
-0.00020716183870630696
-0.0005455876427287247
-0.0012463985041640722
-0.002513278445833753
-0.0044380121236244005
-0.006707779284977131
-0.008325684282099316
-0.0077532202269902295
-0.0036857661942681142
0.004374617489699409
0.017239736244920253
0.03816169049337133
0.07218609328437851
0.12238187161028548
0.18980993265384222
0.2787658373735246
0.3983447350016643
0.5607286317014823
0.7828469455838336
1.0847375754178399
1.4820440737894607
1.9751002762926837
2.540594303037156
3.141592652388204
3.7425910019502027
4.308085029200435
4.801141232261257
5.198447731073193
5.500338361195817
5.722456675247976
5.884840572041935
6.004419469720379
6.093375374466622
6.160803435524106
6.2109992138584555
6.245023616652182
6.26594557090357
6.278810689660585
6.286871073346301
6.290938527378228
6.291510991434564
6.289893086438966
6.28762331927991
6.285698585601636
6.28443170565954
6.283730894797869
6.283392468993135
6.283247397796419
6.2831926161489156
6.283175570686237
6.2831726225378794
6.2831741548624365
6.2831766210389794
6.283178879518741
6.283180664331788
6.283181993665776
6.283182957063243
6.283183645928099
6.283184135091612
6.2831844811607604
6.28318472547979
6.283184897743172
6.28318501910069
6.283185104549392
6.2831851646835295
6.283185206990851
6.283185236746381
6.283185257668207
6.28318527238144
6.283185282719672
6.283185289988543
6.283185295095309
6.283185298685278
6.283185301205031
6.283185302976981
6.28318530422225
6.283185305095774
6.283185305709737
6.283185306141355
6.283185306443489
6.283185306655482
6.2831853068051
6.283185306909952
6.283185306984007
6.283185307033669
6.283185307068084
6.283185307093433
6.283185307110753
6.283185307122465
6.283185307127771
6.283185307134967
6.283185307139903
6.2831853071448025
6.283185307152375
6.2831853071518085
6.283185307155979
6.283185307152723
6.283185307154847
6.283185307153101
6.283185307156557
6.283185307159731
6.283185307163205
6.283185307166851
6.283185307168853
6.2831853071657235
6.283185307163215
6.283185307160983
6.283185307156614
6.283185307153701
6.283185307152364
6.283185307153088
6.283185307153787
6.283185307154064
6.283185307154115
6.283185307154022
6.283185307154028
6.283185307154028
6.283185307154028
6.283185307154028
6.283185307154028
6.283185307154028
6.283185307154028
6.283185307154028
6.283185307154028
