1.5280728533611106e-17
1.5280728533611106e-17
1.9991711653716115e-16
5.331725516916721e-16
1.0231669319357913e-15
1.7126862414590281e-15
2.677409499793372e-15
4.0370231768565144e-15
5.956259240289199e-15
8.67917780409259e-15
1.2546482941140368e-14
1.8033617440181774e-14
2.583032384911256e-14
3.6908920678428636e-14
5.26359631010134e-14
7.497485379531066e-14
1.0675204186843832e-13
1.5199930897894355e-13
2.1644472922709345e-13
3.0823217700059486e-13
4.389542388138613e-13
6.25120303748364e-13
8.902431033230475e-13
1.2678084148982453e-12
1.8055040917707962e-12
2.571242882646969e-12
3.661739685643168e-12
5.214726410670076e-12
7.426347009087398e-12
1.0575929388695205e-11
1.5061262440787703e-11
2.144883286394625e-11
3.054536531133585e-11
4.349969901246419e-11
6.194786386197645e-11
8.821967228213855e-11
1.2563290793669009e-10
1.7891224807315698e-10
2.547857971457552e-10
3.628345200189556e-10
5.167017683374566e-10
7.358155136943618e-10
1.0478405570263564e-09
1.4921700154467422e-09
2.1248963764783344e-09
3.0258888289213843e-09
4.308868857388644e-09
6.135753536129829e-09
8.737072931759013e-09
1.2441031816796907e-08
1.7714872103291518e-08
2.52237367729311e-08
3.5914431252765036e-08
5.1134597384465285e-08
7.280224548152241e-08
1.0364687919120437e-07
1.4755236930108565e-07
2.1004437394464825e-07
2.989829833897559e-07
4.25546482479011e-07
6.056274836108725e-07
8.618117395456066e-07
1.2261765362226223e-06
1.744231799358091e-06
2.480426596046931e-06
3.525721579495274e-06
5.007662248575036e-06
7.102807604143939e-06
1.0049214231834864e-05
1.4150055073321283e-05
1.9740834940816576e-05
2.7043649029365125e-05
3.57117908828645e-05
4.36012900587568e-05
4.3801867783969814e-05
1.8278179288184234e-05
-7.361622294281153e-05
-0.00031037146286211776
-0.0008144552428081787
-0.0017133495998758019
-0.0029999014977665005
-0.004276760193661183
-0.004537254162423549
-0.0023367954412618756
0.003485071493534612
0.013279370709803617
0.02756533825688111
0.048946392724578236
0.08160999018644828
0.12779793525092562
0.18737613115799406
0.2628321043724157
0.3613629558757331
0.4926405776706017
0.6699598641557373
0.9102170603821432
1.2284444865715853
1.6302544733135849
2.102562500718142
2.615644370705612
3.141592652123547
3.6675409337731355
4.180622804335547
4.652930832401977
5.054740819696871
5.372968246264235
5.613225442721255
5.79054472933816
5.9218223512026285
6.020353202743727
6.095809175977143
6.155387371892696
6.201575316961499
6.234238914423437
6.2556199688927645
6.269905936439622
6.2797002356567715
6.285522102591576
6.287722561314884
6.287462067346795
6.286185208651476
6.284898656754383
6.28399976239725
6.283495678615955
6.283258923375958
6.283167028974604
6.28314150528655
6.283141705864666
6.283149595363679
6.2831582635074685
6.283165566323107
6.283171157102298
6.283175257943182
6.283178204348877
6.2831802994938615
6.283181781435877
6.283182826730842
6.283183562926335
6.283184080981393
6.283184445347168
6.283184701531969
6.283184881613463
6.283185008175147
6.2831850971121
6.283185159604276
6.283185203508879
6.283185234355506
6.283185256021878
6.283185271243219
6.283185281933388
6.283185289442207
6.2831852947169216
6.283185298420332
6.283185301022099
6.28318530284946
6.28318530413082
6.283185305031077
6.283185305663542
6.283185306108572
6.283185306421566
6.283185306639974
6.283185306793097
6.283185306897518
6.283185306972012
6.283185307026189
6.283185307062677
6.283185307087706
6.283185307107578
6.28318530712178
6.283185307133996
6.283185307145298
6.283185307151357
6.2831853071503225
6.283185307151625
6.283185307153127
6.283185307158225
6.28318530715972
6.283185307160398
6.283185307163996
6.283185307167556
6.283185307167999
6.283185307164428
6.283185307162363
6.283185307162046
6.283185307161448
6.283185307159105
6.283185307156338
6.2831853071542945
6.283185307154492
6.283185307154577
6.2831853071544606
6.283185307154603
6.283185307154609
6.283185307154622
6.283185307154622
6.283185307154622
6.283185307154622
6.283185307154622
6.283185307154622
6.283185307154622
6.283185307154622
