6.764049265179396e-16
6.764049265179396e-16
8.941402541067917e-16
1.2647187503644086e-15
1.8005006074418498e-15
2.5641013613391542e-15
3.6515867640792104e-15
5.20029754766868e-15
7.405848255696727e-15
1.0546818607950538e-14
1.501994022795173e-14
2.1390207698623578e-14
3.046224307717201e-14
4.3381928103042476e-14
6.178114162118979e-14
8.798388465187568e-14
1.2529982991235478e-13
1.7844237603762634e-13
2.5412401440146394e-13
3.6190421527913214e-13
5.153969400077961e-13
7.33990317220014e-13
1.0452957245100863e-12
1.4886356678976055e-12
2.120011095064356e-12
3.0191757007026455e-12
4.299711008132415e-12
6.123375191661499e-12
8.720538673069692e-12
1.241928876507891e-11
1.7686881316252253e-11
2.5188778010991018e-11
3.58727311244075e-11
5.108854442158238e-11
7.27586503448031e-11
1.0362107083138457e-10
1.4757548607797704e-10
2.1017618257880415e-10
2.993342428010791e-10
4.2631783208362374e-10
6.071771964929532e-10
8.647748046988151e-10
1.2316777899277974e-09
1.7542792391162464e-09
2.4986708739478915e-09
3.5590121765412227e-09
5.069458465920643e-09
7.221163471421556e-09
1.0286518696127639e-08
1.4653715486717046e-08
2.0876035327104112e-08
2.9742160151651668e-08
4.2376492315494454e-08
6.038233496107894e-08
8.60463136029457e-08
1.2263034704271473e-07
1.7478885052434675e-07
2.491651938965959e-07
3.552449395740478e-07
5.065772374765151e-07
7.2252459493502e-07
1.0307718349837227e-06
1.4709273079327677e-06
2.0996978672330395e-06
2.9983351879197334e-06
4.283366398321763e-06
6.12208382556648e-06
8.75494725116785e-06
1.2528052924238582e-05
1.7940305709680214e-05
2.5712135122379032e-05
3.6885889681162106e-05
5.297298915835032e-05
7.617037643566181e-05
0.00010968012952234644
0.0001581833542926332
0.00022854593908956536
0.0003308745346750605
0.0004801043095500952
0.0006983984304501708
0.0010187932055362892
0.0014907649134045823
0.0021887765169927432
0.003225467969289592
0.004772115820518255
0.0070905185009408995
0.010582897764631803
0.015870262061848304
0.023915722469645486
0.0362185300536436
0.055118240777231674
0.08426669785072191
0.12934501062900947
0.19910914429577622
0.3068040343148811
0.4718280780512975
0.7211948189861229
1.0896331576091096
1.614501306068389
2.3140439365583583
3.141592653585926
3.9691413706148695
4.668684001105321
5.193552149565605
5.561990488188084
5.811357229123071
5.976381272859414
6.0840761628783815
6.153840296544375
6.19891860932349
6.228067066395895
6.246966777118844
6.259269584703347
6.267315045111284
6.272602409408524
6.276094788672632
6.278413191351974
6.279959839202967
6.280996530656133
6.281694542261596
6.282166513969762
6.282486908744789
6.282705202865702
6.282854432640818
6.282956761234305
6.283027123818435
6.283075627043109
6.2831091367964405
6.283132334183918
6.283148421285125
6.283159595039923
6.2831673668679064
6.283172779121297
6.283176552227765
6.2831791850908525
6.283181023807443
6.28318230883992
6.2831832074778555
6.283183836248115
6.283184276401639
6.283184584649804
6.283184800597126
6.283184951929895
6.283185058009754
6.283185132384487
6.283185184543735
6.283185221127217
6.283185246791748
6.283185264798563
6.283185277432438
6.283185286297007
6.28318529251929
6.283185296886825
6.283185299952045
6.283185302103965
6.283185303615021
6.283185304676567
6.283185305420958
6.283185305942422
6.283185306309262
6.283185306566202
6.283185306746705
6.283185306873657
6.283185306962385
6.283185307024398
6.283185307068006
6.283185307098736
6.2831853071206085
6.283185307136534
6.283185307146847
6.283185307154489
6.283185307159683
6.283185307163547
6.283185307166496
6.283185307167453
6.2831853071683
6.283185307170427
6.283185307171148
6.283185307171204
6.283185307171296
6.283185307171296
6.283185307171296
6.283185307171296
6.283185307171296
6.283185307171296
6.283185307171296
6.283185307171296
6.283185307171296
6.283185307171296
6.283185307171296
6.283185307171296
6.283185307171296
6.283185307171296
6.283185307171296
6.283185307171296
6.283185307171296
6.283185307171296
6.283185307171296
6.283185307171296
6.283185307171296
6.283185307171296
