1.5215323573428109e-15
1.5215323573428109e-15
1.9119857991857095e-15
2.6568799552491312e-15
3.77327810322965e-15
5.3725426262736465e-15
7.651069232970365e-15
1.0896032891896495e-14
1.5517253000139978e-14
2.209842412276535e-14
3.147080093079836e-14
4.481819062609807e-14
6.382647802077744e-14
9.089656779115845e-14
1.294476406291387e-13
1.843490277998209e-13
2.6253525472375423e-13
3.7388194087374976e-13
5.324531931172078e-13
7.582780548950543e-13
1.0798804020525894e-12
1.5378818498474667e-12
2.190132777797258e-12
3.1190196128251332e-12
4.441871423618796e-12
6.325780402577183e-12
9.008708413153685e-12
1.2829545913065793e-11
1.827092057239877e-11
2.602016371023419e-11
3.7056136838713887e-11
5.277288807738346e-11
7.515576198279927e-11
1.0703221471943027e-10
1.524290274888579e-10
2.1708105851604574e-10
3.091558283351884e-10
4.402855175419532e-10
6.270368226981284e-10
8.930044835242822e-10
1.2717931722189574e-09
1.8112648129189592e-09
2.579588513538799e-09
3.673858438810625e-09
5.232370067132528e-09
7.452108614026369e-09
1.0613663816251648e-08
1.5116726697593056e-08
2.1530666162767666e-08
3.066659726292095e-08
4.368008287125803e-08
6.221750502111177e-08
8.862469965118609e-08
1.2624438156747592e-07
1.7984021461692587e-07
2.562015651329414e-07
3.650061063869748e-07
5.200505181373031e-07
7.4100685582502e-07
1.0559299404375667e-06
1.5048382555807143e-06
2.144830182759971e-06
3.0573975173393273e-06
4.358885940871761e-06
6.215466426949865e-06
8.864579049419106e-06
1.264567388872208e-05
1.8044323394805308e-05
2.575559374316315e-05
3.6775200149718366e-05
5.253081820992872e-05
7.507155222763124e-05
0.0001073418253029177
0.00015357813274458643
0.00021988511441422954
0.0003150741647751572
0.00045188774099187175
0.0006487924218327861
0.0009326140211436651
0.0013424247406796982
0.0019353003811436826
0.0027948837960342153
0.004044179509508707
0.005864757815088504
0.00852571027808449
0.012427494013923691
0.01816855542378639
0.02664677965866774
0.03921386917131127
0.05790893874670843
0.08580680059714026
0.12752128990464712
0.1898892847024331
0.2827957104758992
0.41995183396838853
0.6192543396344865
0.9022886626914121
1.2921595646460489
1.8061126860727206
2.4378042322912874
3.141592653582264
3.84538107487253
4.477072621093958
4.991025742522456
5.380896644478116
5.663930967534591
5.863233473200221
6.000389596692698
6.093296022465808
6.155664017263079
6.197378506569878
6.2252763684197285
6.243971437995224
6.256538527507876
6.2650167517429365
6.270757813152536
6.274659596887396
6.27732054935084
6.2791411276579545
6.280390423373746
6.281250006789709
6.281842882430377
6.282252693149184
6.282536514747557
6.282733419427013
6.282870233002038
6.282965422050868
6.2830317290334206
6.28307796534216
6.283110235616467
6.283132776351021
6.2831485319684175
6.283159551575792
6.283167262846456
6.283172661495955
6.283176442590474
6.283179091703945
6.2831809482851115
6.283182249771841
6.283183162338569
6.283183802330613
6.283184251239753
6.283184566162779
6.28318478711925
6.283184942162604
6.283185050966811
6.283185127328296
6.283185180924473
6.283185218544769
6.283185244951133
6.283185263487771
6.283185276500545
6.283185285636369
6.2831852920503986
6.283185296553964
6.283185299717167
6.283185301937771
6.283185303496528
6.283185304590322
6.283185305357916
6.283185305896325
6.283185306274218
6.283185306539833
6.2831853067254215
6.283185306856047
6.283185306947432
6.283185307012189
6.283185307057662
6.283185307090511
6.283185307112995
6.283185307128696
6.283185307140009
6.283185307148233
6.283185307153787
6.2831853071573684
6.283185307160176
6.283185307162832
6.2831853071647705
6.2831853071653105
6.283185307165543
6.283185307165594
6.283185307165594
6.283185307165594
6.283185307165594
6.283185307165594
6.283185307165594
6.283185307165594
6.283185307165594
6.283185307165594
6.283185307165594
6.283185307165594
6.283185307165594
6.283185307165594
6.283185307165594
6.283185307165594
6.283185307165594
6.283185307165594
6.283185307165594
6.283185307165594
6.283185307165594
6.283185307165594
