2.656066612984399e-15
2.656066612984399e-15
3.221679332438922e-15
4.36264749720846e-15
6.150514505373403e-15
8.74756787063989e-15
1.245612247870641e-14
1.7738871090074795e-14
2.526225983705344e-14
3.597647287611425e-14
5.123479352082175e-14
7.296446742996617e-14
1.0391012458875402e-13
1.4798044867338294e-13
2.1074187686969205e-13
3.0012168883077634e-13
4.274092917366601e-13
6.086821738466769e-13
8.668366394197146e-13
1.2344798290471816e-12
1.7580483207794289e-12
2.503673541243547e-12
3.5655348634427876e-12
5.077755501691816e-12
7.2313438293665386e-12
1.0298320074972347e-11
1.4666076009915646e-11
2.088630789452999e-11
2.9744703907321204e-11
4.236018913561841e-11
6.032626521757321e-11
8.591229970000629e-11
1.2235019409624163e-10
1.7424264659960366e-10
2.481445886739477e-10
3.533912560602796e-10
5.032775199638665e-10
7.167374931567983e-10
1.0207366507577753e-09
1.4536787616731539e-09
2.0702582042360793e-09
2.948370966270983e-09
4.1989579271701856e-09
5.980024834065179e-09
8.516611666090333e-09
1.2129236743444862e-08
1.727441335727857e-08
2.4602364836396805e-08
3.503924168254784e-08
4.990424814412138e-08
7.107650966639875e-08
1.0123281961140328e-07
1.4418639630283397e-07
2.0536960589182936e-07
2.925218994468589e-07
4.166703123860942e-07
5.935271233292473e-07
8.45482448060873e-07
1.204445494054516e-06
1.7158967204011331e-06
2.444668282600211e-06
3.483192044706042e-06
4.963272061656177e-06
7.072893408321643e-06
1.0080231528670978e-05
1.4367962415388235e-05
2.0482318952678767e-05
2.9203273767412272e-05
4.164501683793815e-05
5.939991953142556e-05
8.474499413840139e-05
0.0001209382870013121
0.00017264488525228728
0.00024655004338992924
0.0003522429690403099
0.000503492946552712
0.0007200955456894159
0.0010305493958678168
0.00147594656578974
0.0021156418841101407
0.0030355387811041583
0.004360237323682847
0.006270903624129186
0.00903164319989581
0.013028547531100927
0.018827647006352567
0.027261009092114027
0.03955438970382897
0.057515014983521205
0.08380270389161068
0.12230638617347823
0.1786281186147976
0.2606157033441743
0.37877218180875427
0.5462775173210325
0.7784456403421267
1.0913664533468306
1.4975916745955506
1.99481482967007
2.5554804661260273
3.141592653575037
3.7277048410252838
4.288370477484716
4.785593632564267
5.191818853815811
5.504739666821167
5.7369077898424115
5.904413125354184
6.022569603818086
6.104557188546557
6.1608789209871375
6.199382603268996
6.225670292176901
6.243630917455875
6.255924298067736
6.264357660152363
6.270156759628061
6.274153663960146
6.2769144035380995
6.278825069839816
6.280149768384668
6.281069665281504
6.2817093605990175
6.282154757767665
6.282465211615751
6.2826818142139755
6.282833064190314
6.282938757116224
6.283012662275456
6.2830643688750785
6.283100562168453
6.283125907244365
6.283143662147494
6.283156103890343
6.283164824846107
6.283170939202358
6.283175226934463
6.283178234271581
6.283180343892028
6.283181823971522
6.28318286249615
6.2831835912670275
6.283184102718891
6.283184461681439
6.28318471363677
6.283184890493344
6.283185014641182
6.2831851017938005
6.283185162976754
6.2831852059300815
6.283185236085918
6.283185257257403
6.283185272121592
6.28318528255881
6.283185289887887
6.283185295034803
6.283185298648202
6.283185301185106
6.283185302965938
6.283185304216399
6.283185305092649
6.283185305707982
6.283185306139723
6.283185306442774
6.283185306654971
6.283185306804499
6.283185306909318
6.283185306983881
6.28318530703652
6.283185307073274
6.28318530709946
6.283185307117843
6.283185307131018
6.283185307140507
6.283185307146856
6.283185307150854
6.283185307154917
6.283185307157935
6.283185307159788
6.283185307160468
6.283185307160666
6.283185307160762
6.283185307160762
6.283185307160762
6.283185307160762
6.283185307160762
6.283185307160762
6.283185307160762
6.283185307160762
6.283185307160762
6.283185307160762
6.283185307160762
6.283185307160762
6.283185307160762
6.283185307160762
6.283185307160762
6.283185307160762
6.283185307160762
6.283185307160762
6.283185307160762
6.283185307160762
