3.961724259940032e-15
3.961724259940032e-15
4.700673394135772e-15
6.210709192987916e-15
8.646043407721677e-15
1.2254618664306892e-14
1.7439997392159164e-14
2.483484373697978e-14
3.536757905909316e-14
5.0367633104231056e-14
7.172951664411938e-14
1.0215139117482518e-13
1.4547577584923558e-13
2.0717487995603603e-13
2.9504178697402824e-13
4.201747853588453e-13
5.983791753542717e-13
8.521636129658972e-13
1.2135831483568085e-12
1.7282880623983923e-12
2.4612899107627412e-12
3.5051730882362056e-12
4.991789125165649e-12
7.108910842399178e-12
1.0123949990156797e-11
1.4417734219571086e-11
2.0532609891021917e-11
2.924094682609124e-11
4.1642698262720445e-11
5.930433954919827e-11
8.44567361941664e-11
1.2027693615818858e-10
1.712894832631818e-10
2.439379478596958e-10
3.473988753080066e-10
4.947409797638565e-10
7.045760306021162e-10
1.003410004335638e-09
1.4289915583795412e-09
2.0350809094715314e-09
2.8982417016571503e-09
4.127514123060383e-09
5.878191710406362e-09
8.371443029611911e-09
1.1922258369454307e-08
1.6979254246092113e-08
2.418136814131101e-08
3.443861238422387e-08
4.904710008640446e-08
6.985289334856968e-08
9.94854045748625e-08
1.4168988988962548e-07
2.0180112777917608e-07
2.874182715706685e-07
4.093663775585743e-07
5.830664904071486e-07
8.304880524667315e-07
1.1829314190727378e-06
1.6849938747759052e-06
2.4002232905594893e-06
3.419178801295815e-06
4.870925332585931e-06
6.939428174219824e-06
9.88694202069275e-06
1.408738770333184e-05
2.007399666748238e-05
2.860734709774668e-05
4.0772560006874784e-05
5.811822014627863e-05
8.285504374660354e-05
0.00011814016984951061
0.0001684842751084862
0.00024033506321696567
0.00034291433834841064
0.0004894201768420311
0.0006987555737248573
0.0009980176069523084
0.0014260873618131761
0.0020388165254875495
0.002916535411484216
0.0041749444949095325
0.005980949617309017
0.008575736323909238
0.012308459798472154
0.017685496973949524
0.0254424245444679
0.03664882593720902
0.052859372457399904
0.07632682937300482
0.11028917322590644
0.15932391371644136
0.22971435836003404
0.32970031967381785
0.4694720353418895
0.6609462662986869
0.9173943625423767
1.2513070493774188
1.6659031212199829
2.142063584516348
2.642359279522023
3.1415926535639986
3.640826027610299
4.141121722621681
4.617282185927359
5.031878257776116
5.365790944614722
5.6222390408600615
5.813713271816292
5.953484987482998
6.053470948796759
6.123861393439183
6.172896133929684
6.206858477782722
6.230325934697228
6.246536481216524
6.257742882609658
6.26549981018062
6.270876847357504
6.274609570833219
6.2772043575418
6.279010362664929
6.280268771748782
6.281146490634001
6.281759219797361
6.282187289549352
6.282486551581772
6.282695886978888
6.2828423928169395
6.282944972091365
6.2830168228817875
6.283067166988369
6.283102452115237
6.283127188939817
6.283144534600236
6.2831566998139765
6.283165233164123
6.283171219773726
6.283175420218591
6.2831783677324315
6.283180436233795
6.283181887981254
6.2831829069363305
6.283183622166072
6.283184124228642
6.283184476671076
6.283184724094304
6.283184897792266
6.283185019740801
6.2831851053572585
6.283185165468942
6.283185207671871
6.283185237304744
6.283185258110223
6.283185272718799
6.283185282977066
6.2831852901800795
6.283185295238497
6.2831852987895385
6.283185301282182
6.28318530303314
6.28318530426104
6.283185305122207
6.283185305726826
6.283185306151042
6.283185306448636
6.283185306657822
6.283185306805245
6.283185306909311
6.283185306982867
6.283185307034001
6.283185307071121
6.283185307096763
6.283185307115008
6.283185307128891
6.283185307137486
6.2831853071443255
6.283185307149489
6.283185307151655
6.283185307153848
6.283185307155322
6.2831853071559705
6.283185307156261
6.283185307156303
6.283185307156321
6.283185307156321
6.283185307156321
6.283185307156321
6.283185307156321
6.283185307156321
6.283185307156321
6.283185307156321
6.283185307156321
6.283185307156321
6.283185307156321
6.283185307156321
6.283185307156321
6.283185307156321
6.283185307156321
6.283185307156321
6.283185307156321
6.283185307156321
