5.275881241276956e-15
5.275881241276956e-15
6.166516791244441e-15
7.99901233511422e-15
1.0977447626609916e-14
1.5458589595913842e-14
2.1960814040908216e-14
3.126262172978535e-14
4.4519647234647014e-14
6.340101883378378e-14
9.02905823743586e-14
1.2858455430929193e-13
1.8311974372003269e-13
2.6078436669539233e-13
3.713880702904699e-13
5.289009689885824e-13
7.532181840525329e-13
1.0726727616476242e-12
1.527614373871657e-12
2.1755058257224965e-12
3.0981811053514578e-12
4.41218174073545e-12
6.283477050054384e-12
8.948427609762525e-12
1.2743639859332935e-11
1.8148482827915378e-11
2.5845637369900696e-11
3.680732607065478e-11
5.2418115864347746e-11
7.464980517535105e-11
1.0631048665665855e-10
1.513992465156071e-10
2.156113057301191e-10
3.0705741306754167e-10
4.3728836582907434e-10
6.227540814172716e-10
8.868815418145983e-10
1.2630341210655452e-09
1.7987261636483023e-09
2.561625282804728e-09
3.6481007386951166e-09
5.195397990857738e-09
7.39897777259274e-09
1.0537210748643024e-08
1.500654853552469e-08
2.1371616183105105e-08
3.0436557682539345e-08
4.3346653407135104e-08
6.173305678704661e-08
8.791895175155876e-08
1.2521320348389472e-07
1.7832864770544215e-07
2.539779421162748e-07
3.617223897928935e-07
5.1518119344851e-07
7.337542842542296e-07
1.0450770004988293e-06
1.4885177635210066e-06
2.1201623523229697e-06
3.0199173266606874e-06
4.301634757928641e-06
6.127545248041006e-06
8.728835673118619e-06
1.2434992931190382e-05
1.7715656557911424e-05
2.5240326734580986e-05
3.596356855067426e-05
5.124663816162595e-05
7.303116303008859e-05
0.00010408725831982954
0.00014836815193497004
0.00021151731919077777
0.0003015941750506807
0.00043011326855490453
0.0006135336474617075
0.0008753954166221419
0.0012493879962387137
0.0017837616509918117
0.0025476787835550293
0.003640371034942835
0.005204361345047192
0.007444582437607687
0.010656051040726632
0.015263935664686432
0.021881474477388384
0.031393250409297746
0.045073436250621574
0.06474937160198926
0.09301649777913243
0.1334940089758391
0.19107459011329225
0.2720820325858758
0.3842920279227541
0.537008985106696
0.7415199531837711
1.010915697506223
1.3551615976206235
1.7691754299931366
2.2255550266999053
2.688749554057149
3.1415926535490306
3.594435753044944
4.05763028041498
4.514009877136031
4.928023709520988
5.272269609643704
5.541665353969812
5.746176322048102
5.898893279231093
6.01110327456854
6.092110717040457
6.1496912981768705
6.1901688093736045
6.21843593555035
6.2381118709009575
6.251792056743526
6.261303832675736
6.267921371489194
6.2725292561140025
6.275740724718237
6.277980945810955
6.2795449361208835
6.280637628372559
6.281401545504871
6.281935919157993
6.282309911736988
6.282571773506385
6.282755193884876
6.282883712977862
6.282973789835297
6.28303693900461
6.283081219897423
6.283112275994969
6.283134060520887
6.283149343590216
6.283160066831995
6.283167591501862
6.283172872166325
6.283176578323042
6.283179179612493
6.283181005522663
6.283182287240349
6.283183186995354
6.283183818640392
6.283184262080509
6.283184573403541
6.283184791976262
6.283184945434281
6.283185053178871
6.283185128827432
6.283185181942176
6.283185219236825
6.28318524542347
6.283185263810005
6.283185276720006
6.283185285785554
6.283185292151879
6.2831852966216415
6.283185299759086
6.283185301962791
6.283185303508972
6.283185304594016
6.283185305355411
6.283185305889201
6.283185306264174
6.283185306527637
6.2831853067137695
6.283185306844529
6.283185306936948
6.28318530700152
6.283185307047259
6.283185307079837
6.283185307103389
6.283185307119922
6.283185307131733
6.283185307139232
6.283185307148479
6.283185307151334
6.28318530715153
6.283185307152371
6.283185307153082
6.283185307153308
6.283185307153419
6.283185307153482
6.283185307153482
6.283185307153482
6.283185307153482
6.283185307153482
6.283185307153482
6.283185307153482
6.283185307153482
6.283185307153482
6.283185307153482
6.283185307153482
6.283185307153482
6.283185307153482
6.283185307153482
6.283185307153482
6.283185307153482
6.283185307153482
6.283185307153482
