6.414946165645808e-15
6.414946165645808e-15
7.416635307541758e-15
9.49297971258682e-15
1.2872179988472882e-14
1.7979148710073862e-14
2.545169039265091e-14
3.6196627092390217e-14
5.1536253357176376e-14
7.339152566370252e-14
1.0451795269504142e-13
1.4884598531774694e-13
2.1197442675442752e-13
3.0187686486663954e-13
4.299086711336961e-13
6.122412575768026e-13
8.719046541655946e-13
1.2416963881915218e-12
1.7683240809334512e-12
2.51830500829432e-12
3.5863677936703644e-12
5.107417445534778e-12
7.273575039487452e-12
1.035844432686901e-11
1.4751670394479686e-11
2.100815550848589e-11
2.9918148662312164e-11
4.2607061976566664e-11
6.067762202577702e-11
8.641231171891433e-11
1.2306167405955394e-10
1.7525489501672257e-10
2.495845289996157e-10
3.554392284078473e-10
5.061896675607242e-10
7.208774690962148e-10
1.026620484940986e-09
1.4620382830831967e-09
2.08213058098574e-09
2.965224933934486e-09
4.222871430465044e-09
6.013934510360303e-09
8.564662370099662e-09
1.2197269799665491e-08
1.737064620639909e-08
2.473833307550763e-08
3.523109801121621e-08
5.017454193112957e-08
7.145660538070426e-08
1.0176614989556039e-07
1.4493277973177353e-07
2.064108766198345e-07
2.9396906822294763e-07
4.1867235293774016e-07
5.96281157629645e-07
8.492444138158228e-07
1.2095390094296062e-06
1.722715276918331e-06
2.4536611693940977e-06
3.4948159471468322e-06
4.977875381138574e-06
7.090474440677067e-06
1.009996699930296e-05
1.4387326534036262e-05
2.0495483396956835e-05
2.9198259524540463e-05
4.159869906579993e-05
5.9269365692114887e-05
8.445257590732785e-05
0.00012034626932747005
0.00017151229928863713
0.00024445982763662263
0.0003484793455163495
0.000496835683864949
0.0007084756677150526
0.0010104742594780353
0.0014415415030880237
0.002057054937208138
0.0029362880868760467
0.004192803367973854
0.005989406657414665
0.008559673020655025
0.012238908781079484
0.017508556857838628
0.025059420415154698
0.03588028055079977
0.05137825637365539
0.07353256981221441
0.10506907168151369
0.1496164581677682
0.2117874609942883
0.2971995406175365
0.4127048609081427
0.5672830925384503
0.7730918268542439
1.0436333584798583
1.3861142819331194
1.792623537024639
2.239179199120076
2.694724121273443
3.141592653526924
3.5884611857868967
4.044006107959722
4.490561770079663
4.897071025191548
5.2395519486599476
5.510093480293973
5.715902214614009
5.8704804462462805
5.985985766537143
6.071397846160637
6.133568848985555
6.178116235471469
6.209652737340679
6.231807050781131
6.247305026603573
6.258125886739718
6.2656767502966355
6.270946398374464
6.274625634134517
6.277195900498287
6.2789925037868874
6.280249019068339
6.281128252217987
6.281743765651663
6.282174832895554
6.282476831486104
6.282688471470402
6.282836827809989
6.282940847328609
6.283013794857256
6.283064960887782
6.283100854582029
6.283126037793324
6.283143708460096
6.283156108898871
6.283164811676057
6.28317091983324
6.28317520719247
6.2831782166840675
6.283180329283155
6.283181812342057
6.283182853497789
6.283183584443164
6.283184097618828
6.283184457913048
6.2831847108768715
6.2831848884853265
6.283185013188972
6.283185100745562
6.283185162223983
6.2831852053906285
6.283185235701098
6.283185256983538
6.283185271926523
6.2831852824198595
6.28318528978775
6.283185294961547
6.283185298593982
6.2831853011442185
6.283185302934126
6.283185304191605
6.283185305073323
6.283185305691729
6.283185306125988
6.28318530643159
6.28318530664638
6.28318530679814
6.283185306904755
6.28318530697934
6.283185307032124
6.283185307069745
6.283185307096896
6.283185307116241
6.2831853071317125
6.2831853071385355
6.283185307147643
6.2831853071553105
6.283185307155976
6.283185307155665
6.283185307155665
6.28318530715567
6.28318530715572
6.283185307155639
6.283185307155632
6.283185307155632
6.283185307155632
6.283185307155632
6.283185307155632
6.283185307155632
6.283185307155632
6.283185307155632
6.283185307155632
6.283185307155632
6.283185307155632
6.283185307155632
6.283185307155632
6.283185307155632
6.283185307155632
6.283185307155632
6.283185307155632
