7.202692441860241e-15
7.202692441860241e-15
8.266170005875006e-15
1.0472981246056517e-14
1.4075033814269982e-14
1.9513809252649835e-14
2.7491939068794066e-14
3.9018749667455564e-14
5.552218800792831e-14
7.905851049146762e-14
1.1258637699075058e-13
1.603360378712189e-13
2.283375798621922e-13
3.251799322922261e-13
4.630950039613997e-13
6.595025317444811e-13
9.392103112318196e-13
1.3375476176754794e-12
1.904827579106335e-12
2.7127021360649854e-12
3.863212275454404e-12
5.501676665101382e-12
7.835046643600227e-12
1.1158045976775749e-11
1.5890397091396878e-11
2.2629835842928738e-11
3.2227611151839237e-11
4.5896005961775964e-11
6.53614606891265e-11
9.308264057214119e-11
1.3256099172676455e-10
1.88783013553919e-10
2.688501132570447e-10
3.828756034842874e-10
5.452621499613171e-10
7.765210357204282e-10
1.1058630540077526e-09
1.574888320890193e-09
2.242841127490598e-09
3.1940936727258795e-09
4.548804115419641e-09
6.478095446505117e-09
9.225672895747355e-09
1.3138611152795988e-08
1.8711201443013166e-08
2.6647398953482914e-08
3.7949761947765506e-08
5.404612244617275e-08
7.696999814917809e-08
1.0961754983365152e-07
1.561135676491717e-07
2.223327589307667e-07
3.166422556016646e-07
4.5095924991700595e-07
6.422575511342935e-07
9.147136909254033e-07
1.3027642046749508e-06
1.855461166091096e-06
2.6426776284064575e-06
3.7639492663471042e-06
5.361073107002553e-06
7.636061460478416e-06
1.0876729972121843e-05
1.5493170233896345e-05
2.206974417796981e-05
3.143921774989448e-05
4.478848028470933e-05
6.380933920541012e-05
9.091366148963533e-05
0.00012954040659820618
0.00018459394217455285
0.00026307001072054453
0.0003749500658065383
0.0005344796558259422
0.0007619967727502589
0.0010865483447656304
0.0015496370459058173
0.0022105902221034508
0.0031542575891898854
0.004502051160087253
0.006427773287993562
0.009180271082623094
0.013115717337283447
0.018743157542531634
0.02678748792875675
0.03827312416738249
0.05462682122701541
0.07778578277917217
0.11027766184422232
0.15523478067879756
0.21638711059312807
0.29832108498045634
0.4074777181647585
0.55366594349853
0.7499817089811486
1.008995031189899
1.337834545649721
1.7354222284199041
2.1870888359792864
2.663464710920187
3.1415926534946896
3.619720596082171
4.096096471051531
4.547763078649393
4.94535076145221
5.2741902759360855
5.533203598160719
5.729519363652105
5.8757075889908466
5.984864222177447
6.0667981965643305
6.127950526478294
6.172907645312792
6.205399524378705
6.228558485932057
6.244912182991951
6.256397819229416
6.264442149615496
6.27006958982066
6.274005036076049
6.276757533870391
6.278683255998231
6.280031049568343
6.280974716935947
6.281635670112071
6.2820987588134845
6.282423310384788
6.282650827502663
6.282810357094269
6.282922237150538
6.28300071321829
6.283055766754074
6.283094393499225
6.283121497821492
6.283140518681315
6.283153867943132
6.28316323741902
6.2831698139924255
6.2831744304324415
6.2831776710994856
6.283179946089036
6.283181543212485
6.283182664484326
6.283183451700694
6.283184004395689
6.283184392447543
6.283184664902162
6.283184856202593
6.2831849905187305
6.283185084828716
6.283185151046655
6.283185197543168
6.283185230190818
6.283185253114729
6.283185269211905
6.283185280514384
6.283185288450472
6.283185294022503
6.283185297935337
6.2831853006827325
6.283185302611242
6.2831853039655705
6.2831853049168185
6.283185305583818
6.283185306051953
6.283185306380986
6.283185306611992
6.283185306775234
6.283185306890009
6.283185306970846
6.2831853070274954
6.2831853070668835
6.283185307099085
6.283185307121142
6.283185307134287
6.283185307142592
6.283185307149327
6.283185307156299
6.283185307161824
6.283185307161686
6.283185307160595
6.283185307160282
6.283185307160114
6.28318530716001
6.283185307159947
6.283185307159934
6.283185307159934
6.283185307159934
6.283185307159934
6.283185307159934
6.283185307159934
6.283185307159934
6.283185307159934
6.283185307159934
6.283185307159934
6.283185307159934
6.283185307159934
6.283185307159934
6.283185307159934
6.283185307159934
6.283185307159934
