7.504400999406971e-15
7.504400999406971e-15
8.57235161502025e-15
1.0784740017610289e-14
1.4396686923453485e-14
1.9851144961654457e-14
2.783861342245181e-14
3.939490781481486e-14
5.598771581405103e-14
7.969237879810792e-14
1.1348025712810215e-13
1.6160698283697633e-13
2.3014717835192685e-13
3.277569544845953e-13
4.667649743219382e-13
6.647289907410676e-13
9.466533863164285e-13
1.348147402048764e-12
1.919922867004099e-12
2.7341995128094257e-12
3.893826917426074e-12
5.545275260392533e-12
7.897135740042814e-12
1.1246467428197533e-11
1.6016318423794026e-11
2.2809160600865887e-11
3.248298731239314e-11
4.625968601127687e-11
6.587937447583741e-11
9.382019514240188e-11
1.3361133033766246e-10
1.9027877642809048e-10
2.7098018454597005e-10
3.859089580494582e-10
5.495818092686904e-10
7.82672417225843e-10
1.1146228134958643e-09
1.5873623708222454e-09
2.2606041916223614e-09
3.2193879704919105e-09
4.584822216528664e-09
6.529382931892106e-09
9.298701534768464e-09
1.3242594747234243e-08
1.8859256979492753e-08
2.6858199057784815e-08
3.8249886255883146e-08
5.447340306998789e-08
7.757827879704777e-08
1.1048345475697117e-07
1.57346127236506e-07
2.2408709430185423e-07
3.1913902852160147e-07
4.54512298187267e-07
6.473131398175575e-07
9.219062378736874e-07
1.3129953552704699e-06
1.8700119351297816e-06
2.6633673286497813e-06
3.793360564195831e-06
5.402870422281536e-06
7.695440932861148e-06
1.0961054540926678e-05
1.5612864625972597e-05
2.2239553908350524e-05
3.167997641298489e-05
4.512958403464248e-05
6.429220082293379e-05
9.159651398629554e-05
0.0001305049533634639
0.00018595451163981293
0.00026498606868066374
0.00037764315702953
0.0005382560503458747
0.0007672771785663434
0.001093905759165575
0.0015598425086625265
0.0022246622795669456
0.0031735004873653648
0.004528038165390741
0.006462156027594391
0.009224096943293713
0.013167418034878491
0.018793051098625273
0.026803441697296267
0.03816500630707191
0.054164539433165224
0.07643073319204098
0.1068956368687973
0.1477533794178149
0.20168780934326516
0.27279664409216203
0.3680896660082039
0.4980170259759616
0.6746424592911335
0.9100735789892337
1.217815841286585
1.6089513448907078
2.0781516131704927
2.599301473596039
3.1415926534507905
3.6838838333238866
4.205033693795835
4.674233962131384
5.065369465785588
5.373111728119608
5.608542847842154
5.785168281172726
5.915095641147743
6.0103886630692855
6.081497497818567
6.135431927744846
6.176289670295725
6.206754573972789
6.229020767731423
6.245020300857952
6.2563818654661585
6.2643922560642284
6.270017889127706
6.27396121022072
6.276723151136763
6.278657268998808
6.2800118066764155
6.280960644884217
6.28162546465439
6.282091401403485
6.282418029985707
6.282647051114854
6.282807664008512
6.282920321098239
6.282999352655967
6.283054802211922
6.283093710651597
6.283121014964683
6.283140177581404
6.283153627189719
6.283163067612775
6.2831696943027655
6.283174346112538
6.283177611725572
6.283179904296337
6.283181513806582
6.283182643799391
6.28318343715436
6.283183994170343
6.283184385259223
6.283184659851883
6.283184852653576
6.28318498802798
6.283185083080297
6.28318514981977
6.283185196682758
6.283185229586978
6.283185252691968
6.2831852689161085
6.283185280308176
6.283185288308045
6.2831852939230695
6.283185297865966
6.283185300636141
6.283185302580232
6.283185303945107
6.283185304904913
6.283185305578592
6.283185306050155
6.283185306380978
6.283185306614153
6.2831853067782655
6.2831853068939925
6.2831853069775905
6.283185307034837
6.283185307074395
6.28318530710617
6.2831853071271295
6.283185307140131
6.283185307148507
6.28318530715633
6.283185307157292
6.283185307163308
6.283185307166788
6.283185307166442
6.283185307165543
6.283185307165188
6.283185307165002
6.283185307164939
6.283185307164886
6.283185307164886
6.283185307164886
6.283185307164886
6.283185307164886
6.283185307164886
6.283185307164886
6.283185307164886
6.283185307164886
6.283185307164886
6.283185307164886
6.283185307164886
6.283185307164886
6.283185307164886
6.283185307164886
6.283185307164886
