-1.7998650067496624e-05
-1.7998650067496624e-05
-1.7998650067496624e-05
-1.799865006749662e-05
-1.7998650067496617e-05
-1.7998650067496614e-05
-1.799865006749661e-05
-1.7998650067496597e-05
-1.7998650067496584e-05
-1.7998650067496557e-05
-1.799865006749651e-05
-1.7998650067496435e-05
-1.7998650067496313e-05
-1.799865006749611e-05
-1.7998650067495777e-05
-1.7998650067495232e-05
-1.7998650067494327e-05
-1.7998650067492836e-05
-1.7998650067490377e-05
-1.7998650067486318e-05
-1.799865006747963e-05
-1.7998650067468608e-05
-1.799865006745043e-05
-1.7998650067420466e-05
-1.799865006737106e-05
-1.7998650067289606e-05
-1.7998650067155307e-05
-1.7998650066933886e-05
-1.7998650066568825e-05
-1.7998650065966937e-05
-1.79986500649746e-05
-1.799865006333851e-05
-1.799865006064105e-05
-1.7998650056193695e-05
-1.7998650048861242e-05
-1.799865003677207e-05
-1.7998650016840395e-05
-1.799864998397862e-05
-1.799864992979872e-05
-1.799864984047116e-05
-1.799864969319491e-05
-1.7998649450377428e-05
-1.7998649050039076e-05
-1.799864838999272e-05
-1.799864730176026e-05
-1.7998645507568248e-05
-1.7998642549445718e-05
-1.7998637672326183e-05
-1.7998629631315462e-05
-1.7998616373930045e-05
-1.7998594516196722e-05
-1.799855847888686e-05
-1.7998499063407553e-05
-1.799840110384301e-05
-1.7998239595825276e-05
-1.7997973314121056e-05
-1.7997534289811304e-05
-1.799681046109346e-05
-1.7995617069290013e-05
-1.799364949883939e-05
-1.799040552358584e-05
-1.7985057112583697e-05
-1.797623907360001e-05
-1.7961700585161742e-05
-1.7937730670029744e-05
-1.7898210961094748e-05
-1.7833053976361738e-05
-1.772562826969774e-05
-1.7548513222100806e-05
-1.7256499875766694e-05
-1.6775051260337332e-05
-1.5981276687329903e-05
-1.4672563664672017e-05
-1.2514860666975395e-05
-8.957409838827107e-06
-3.0921649890231373e-06
6.5779889525611425e-06
2.2521377446315146e-05
4.88075811799526e-05
9.214620438788695e-05
0.00016359951425239984
0.00028140610581337477
0.00047563633791808705
0.0007958678474872389
0.00132384032414627
0.0021943196659888584
0.003629496976156643
0.005995702109802059
0.009896904873419002
0.016328856164367737
0.026933150803386
0.04441577947137679
0.0732357398956591
0.12073380938821864
0.1989642838199551
0.32758477690414844
0.5380496552875987
0.8781115913308071
1.4100277958409158
2.180806184155852
3.141574654039769
4.1023431242736255
4.873121513229347
5.405037718189524
5.74509965444934
5.955564532921335
6.084185026039427
6.162415500483819
6.20991356998106
6.2387335304070675
6.256216159075694
6.266820453714947
6.27325240500598
6.27715360776963
6.2795198129032865
6.280954990213459
6.281825469555304
6.2823534420319636
6.28267367354153
6.282867903773637
6.282985710365195
6.283057163675061
6.2831005022982716
6.283126788502004
6.283142731890496
6.283152402044438
6.283158267289288
6.283161824740119
6.283163982443114
6.283165291156136
6.283166084930712
6.283166566379325
6.283166858392673
6.283167035507718
6.283167142933426
6.283167208090411
6.28316724761012
6.283167271580035
6.283167286118524
6.283167294936563
6.283167300284974
6.283167303528948
6.283167305496521
6.283167306689912
6.283167307413739
6.2831673078527635
6.283167308119044
6.283167308280552
6.283167308378514
6.283167308437927
6.283167308473966
6.283167308495821
6.2831673085090785
6.283167308517123
6.2831673085220014
6.283167308524956
6.2831673085267505
6.283167308527839
6.2831673085285
6.283167308528898
6.283167308529141
6.28316730852929
6.283167308529379
6.283167308529433
6.283167308529466
6.283167308529486
6.283167308529498
6.283167308529506
6.28316730852951
6.283167308529513
6.283167308529514
6.283167308529515
6.283167308529515
6.283167308529516
6.283167308529516
6.283167308529516
6.283167308529516
6.283167308529516
6.283167308529516
6.283167308529516
6.283167308529516
6.283167308529516
6.283167308529516
6.283167308529516
6.283167308529516
6.283167308529516
6.283167308529516
6.283167308529516
6.283167308529516
6.283167308529516
6.283167308529516
6.283167308529516
6.283167308529516
6.283167308529516
6.283167308529516
6.283167308529516
6.283167308529516
6.283167308529516
6.283167308529516
6.283167308529516
6.283167308529516
