-0.011875879659196998
-0.011875879659196998
-0.011875879659196998
-0.011875879659196996
-0.011875879659196996
-0.011875879659196998
-0.011875879659196998
-0.011875879659196996
-0.011875879659196996
-0.011875879659196986
-0.011875879659197014
-0.011875879659196996
-0.011875879659197
-0.011875879659196982
-0.011875879659196998
-0.011875879659196979
-0.011875879659196975
-0.011875879659196993
-0.011875879659196991
-0.011875879659197003
-0.011875879659197017
-0.011875879659197007
-0.011875879659196968
-0.011875879659196927
-0.011875879659196906
-0.011875879659196857
-0.01187587965919672
-0.011875879659196552
-0.011875879659196084
-0.011875879659195518
-0.011875879659194684
-0.011875879659192881
-0.011875879659190238
-0.011875879659185887
-0.011875879659178558
-0.01187587965916655
-0.011875879659146703
-0.011875879659113854
-0.011875879659060043
-0.011875879658971265
-0.01187587965882485
-0.011875879658583522
-0.011875879658185496
-0.011875879657529159
-0.011875879656447222
-0.011875879654663312
-0.011875879651722248
-0.01187587964687323
-0.011875879638878593
-0.011875879625697654
-0.011875879603966005
-0.011875879568136193
-0.011875879509063178
-0.011875879411667912
-0.01187587925109083
-0.011875878986343477
-0.011875878549848994
-0.0118758778301913
-0.01187587664367648
-0.0118758746874441
-0.011875871462162232
-0.011875866144571381
-0.011875857377346283
-0.011875842922635745
-0.011875819090846966
-0.0118757797988701
-0.011875715017352021
-0.011875608210684991
-0.011875432116261414
-0.011875141785639342
-0.011874663111367673
-0.011873873910914257
-0.011872572739339947
-0.011870427470090206
-0.011866890519049975
-0.011861059072644882
-0.011851444642941647
-0.011835593128249066
-0.011809458398979948
-0.01176636951541606
-0.011695327957897727
-0.011578200234667805
-0.011385089276640836
-0.011066703163493652
-0.010541773299583581
-0.009676310560737707
-0.008249404712164649
-0.005896838155167546
-0.0020181246789482566
0.004376741029074923
0.014919878833449123
0.032301668465541916
0.060955471169074245
0.10818039601317006
0.18596507447892888
0.3138729267480917
0.5232623082178618
0.8619402244330326
1.3928037672040092
2.1644908463587256
3.12917777595504
4.094071570322439
4.86613975937291
5.397274034751554
5.73608375016141
5.945527404417129
6.07345610768758
6.15124858266499
6.198476393045012
6.2271312596439525
6.244513440982603
6.255056722930878
6.261451641672714
6.265330374659651
6.267682948394571
6.269109856883311
6.269975320593859
6.270500250815093
6.270818637059617
6.271011748066134
6.271128875807186
6.271199917370996
6.2712430062572215
6.271269140987468
6.271284992501977
6.271294606932078
6.271300438378535
6.271303975329794
6.271306120598901
6.271307421770409
6.271308210971076
6.271308689645311
6.2713089799759
6.27130915607031
6.271309262877114
6.271309327658646
6.271309366950611
6.271309390782164
6.271309405236801
6.271309414004149
6.271309419321777
6.271309422547044
6.271309424503529
6.271309425689974
6.271309426409359
6.271309426845732
6.2713094271107135
6.27130942727115
6.271309427368652
6.271309427427602
6.271309427463491
6.271309427485037
6.271309427498343
6.271309427506493
6.271309427511399
6.271309427514266
6.271309427515896
6.271309427516899
6.271309427517655
6.271309427518091
6.271309427518278
6.27130942751839
6.271309427518455
6.271309427518536
6.27130942751855
6.27130942751857
6.271309427518582
6.27130942751859
6.271309427518594
6.271309427518603
6.271309427518604
6.271309427518606
6.271309427518614
6.271309427518607
6.271309427518615
6.271309427518615
6.271309427518615
6.271309427518615
6.271309427518615
6.271309427518615
6.271309427518615
6.271309427518615
6.271309427518615
6.271309427518615
6.271309427518615
6.271309427518615
6.271309427518615
6.271309427518615
6.271309427518615
6.271309427518615
6.271309427518615
6.271309427518615
6.271309427518615
6.271309427518615
6.271309427518615
6.271309427518615
6.271309427518615
6.271309427518615
6.271309427518615
6.271309427518615
6.271309427518615
