-0.06518742405378504
-0.06518742405378504
-0.06518742405378504
-0.06518742405378505
-0.06518742405378646
-0.0651874240537921
-0.06518742405378684
-0.06518742405378784
-0.06518742405379255
-0.06518742405379493
-0.06518742405379187
-0.06518742405378614
-0.0651874240537839
-0.06518742405378436
-0.0651874240537871
-0.06518742405379153
-0.06518742405379131
-0.06518742405378523
-0.06518742405377602
-0.06518742405377578
-0.06518742405377925
-0.06518742405377807
-0.06518742405376561
-0.06518742405376741
-0.06518742405376801
-0.06518742405377727
-0.0651874240537654
-0.06518742405376099
-0.06518742405376521
-0.0651874240537566
-0.06518742405375957
-0.06518742405376451
-0.06518742405375948
-0.0651874240537644
-0.06518742405376309
-0.06518742405375644
-0.06518742405375746
-0.06518742405373848
-0.06518742405369919
-0.06518742405365754
-0.06518742405359755
-0.0651874240534589
-0.06518742405322167
-0.06518742405283577
-0.06518742405220837
-0.06518742405116953
-0.06518742404947675
-0.06518742404665148
-0.06518742404203064
-0.06518742403439036
-0.06518742402180994
-0.06518742400106023
-0.06518742396682166
-0.0651874239104129
-0.0651874238173902
-0.0651874236640313
-0.0651874234112302
-0.0651874229943925
-0.06518742230713075
-0.06518742117409794
-0.06518741930596501
-0.06518741622594408
-0.06518741114786833
-0.06518740277549673
-0.06518738897183325
-0.06518736621343182
-0.06518732869127902
-0.06518726682794893
-0.06518716483316177
-0.06518699667384507
-0.06518671943044203
-0.06518626234550444
-0.06518550877278757
-0.06518426643099737
-0.0651822183989746
-0.06517884242537308
-0.06517327817639354
-0.06516410912726515
-0.06514900500419707
-0.06512413767146237
-0.06508323212185588
-0.0650160371175901
-0.06490588766014961
-0.06472586649822247
-0.06443278998874068
-0.06395758553091828
-0.06318879592520825
-0.061941456267570374
-0.05989668032701841
-0.05649940565143693
-0.05084508965692448
-0.041680423030842406
-0.02762288108452143
-0.007220769246370483
0.022242142705296265
0.06774663380647795
0.14391005772159546
0.2758701042585273
0.5041271744225497
0.8910522112693529
1.516660270997032
2.4253677416921655
3.4999477373687333
4.467281588292502
5.161454038718872
5.601142126558474
5.865834512646967
6.022182027051462
6.112754512127262
6.163317216947027
6.190155671613927
6.203767615582191
6.210524445026187
6.213917008019583
6.215685727336859
6.216651541540145
6.2172001941981785
6.217520455660519
6.217710503874898
6.217824346045844
6.2178929001001
6.21793430569731
6.217959356998661
6.217974528802021
6.217983722749103
6.217989296157859
6.21799267550134
6.217994724772958
6.217995967569677
6.217996721310373
6.217997178456468
6.21799745572319
6.21799762389032
6.217997725888189
6.217997787753264
6.217997825276325
6.21799784803429
6.217997861838309
6.217997870210512
6.2179978752894955
6.217997878368445
6.217997880236308
6.217997881369753
6.217997882056275
6.217997882473344
6.217997882726397
6.217997882879971
6.217997882973738
6.217997883029918
6.217997883064903
6.217997883086237
6.217997883098955
6.217997883105789
6.217997883110715
6.217997883112387
6.2179978831138545
6.217997883114697
6.217997883114321
6.217997883115048
6.217997883115555
6.217997883115605
6.217997883116063
6.217997883116548
6.2179978831169125
6.217997883117247
6.217997883117189
6.217997883117302
6.217997883117602
6.217997883117306
6.217997883117659
6.217997883117078
6.217997883117464
6.217997883117616
6.217997883117851
6.217997883117659
6.217997883117736
6.217997883118317
6.217997883118449
6.2179978831183105
6.217997883118097
6.217997883117786
6.217997883117824
6.217997883117824
6.217997883117824
6.217997883117824
6.217997883117824
6.217997883117824
6.217997883117824
6.217997883117824
6.217997883117824
6.217997883117824
6.217997883117824
6.217997883117824
6.217997883117824
6.217997883117824
6.217997883117824
6.217997883117824
6.217997883117824
6.217997883117824
6.217997883117824
6.217997883117824
