-0.028016922858627717
-0.028016922858627717
-0.028016922858627717
-0.028016922858628255
-0.02801692285863032
-0.02801692285862616
-0.028016922858630243
-0.028016922858630736
-0.028016922858627114
-0.028016922858634698
-0.028016922858627488
-0.02801692285862782
-0.028016922858623568
-0.028016922858632866
-0.028016922858631846
-0.028016922858624182
-0.028016922858623478
-0.028016922858624692
-0.028016922858623883
-0.02801692285862384
-0.028016922858627648
-0.028016922858620653
-0.028016922858621427
-0.028016922858625233
-0.028016922858629032
-0.028016922858624324
-0.02801692285863154
-0.02801692285862503
-0.02801692285861483
-0.028016922858609364
-0.028016922858622027
-0.028016922858612105
-0.028016922858636495
-0.028016922858635645
-0.02801692285862018
-0.02801692285861539
-0.028016922858589904
-0.028016922858585654
-0.028016922858570985
-0.028016922858536297
-0.02801692285846388
-0.028016922858368598
-0.0280169228581578
-0.028016922857829384
-0.0280169228572943
-0.02801692285638532
-0.02801692285488859
-0.028016922852436912
-0.028016922848441404
-0.02801692284179828
-0.028016922830856255
-0.028016922812810846
-0.028016922783068447
-0.02801692273405197
-0.028016922653224217
-0.028016922519963783
-0.028016922300243816
-0.028016921937997766
-0.0280169213408095
-0.028016920356170472
-0.02801691873277045
-0.028016916056233288
-0.028016911643343433
-0.028016904367758475
-0.02801689237236357
-0.028016872595367986
-0.02801683998880083
-0.028016786230224355
-0.02801669759874147
-0.028016551474087232
-0.02801631056597412
-0.028015913404746743
-0.028015258675596143
-0.02801417942429011
-0.028012400622079336
-0.02800946945138752
-0.0280046410377719
-0.027996691844226342
-0.02798361672956263
-0.02796214165717951
-0.027926950575243064
-0.027869481443924263
-0.027776087933304414
-0.027625246316356353
-0.027383105037491775
-0.026995403001137296
-0.02637060629635767
-0.025344921862453396
-0.023625115182471554
-0.02074555414892575
-0.016153915298271388
-0.009514375623359274
-0.0009121261889795541
0.009937373608647736
0.02587896616943282
0.05450364399584136
0.10917662555331471
0.21114052206970563
0.3948466457174789
0.7150201899110145
1.2495780673212404
2.0702401651598428
3.1303917654069164
4.179109129677966
4.97921915809162
5.499499698397829
5.815412267314095
6.003508999188276
6.115117290042499
6.180381664026848
6.217017392805344
6.236370824929188
6.2459947590308476
6.250597614647319
6.252791467170317
6.253871453339483
6.254431996969096
6.2547387569142145
6.254913552683753
6.255015788361679
6.255076514982408
6.255112905114944
6.255134821392103
6.255148058829666
6.255156067741393
6.255160918125398
6.255163857376827
6.255165639151722
6.2551667194970175
6.255167374628575
6.255167771937298
6.255168012900206
6.255168159045679
6.255168247684437
6.25516830144673
6.255168334053085
6.255168353830073
6.255168365827313
6.255168373101933
6.255168377514439
6.2551683801902405
6.255168381813287
6.255168382798233
6.255168383395983
6.25516838375834
6.255168383977733
6.255168384111239
6.255168384192362
6.25516838424144
6.255168384272074
6.255168384290147
6.255168384300567
6.255168384308205
6.255168384311954
6.2551683843136665
6.255168384314772
6.255168384315161
6.255168384315599
6.255168384315155
6.255168384316039
6.255168384316524
6.2551683843171775
6.255168384317573
6.255168384318362
6.255168384318065
6.255168384317809
6.255168384317314
6.255168384318276
6.255168384318621
6.255168384318039
6.255168384318125
6.2551683843181465
6.255168384318207
6.255168384318582
6.255168384318436
6.255168384318277
6.2551683843185435
6.2551683843188775
6.2551683843187655
6.255168384318441
6.255168384318014
6.255168384317803
6.255168384317803
6.255168384317803
6.255168384317803
6.255168384317803
6.255168384317803
6.255168384317803
6.255168384317803
6.255168384317803
6.255168384317803
6.255168384317803
6.255168384317803
6.255168384317803
6.255168384317803
6.255168384317803
6.255168384317803
6.255168384317803
6.255168384317803
6.255168384317803
6.255168384317803
