-0.006171296709862643
-0.006171296709862643
-0.006171296709863111
-0.0061712967098642175
-0.006171296709860493
-0.006171296709856751
-0.0061712967098615555
-0.006171296709861616
-0.006171296709860126
-0.006171296709856021
-0.006171296709858892
-0.006171296709859041
-0.006171296709865514
-0.006171296709863318
-0.006171296709861387
-0.006171296709852732
-0.006171296709848474
-0.0061712967098549185
-0.006171296709865143
-0.006171296709866042
-0.006171296709858778
-0.006171296709859689
-0.006171296709872331
-0.006171296709876118
-0.0061712967098767006
-0.006171296709871206
-0.006171296709876873
-0.006171296709878401
-0.006171296709862885
-0.006171296709869837
-0.006171296709861656
-0.006171296709876336
-0.00617129670988445
-0.006171296709882274
-0.006171296709875116
-0.006171296709854335
-0.006171296709835924
-0.00617129670982545
-0.006171296709829304
-0.006171296709794002
-0.006171296709732279
-0.006171296709634487
-0.00617129670948517
-0.006171296709215408
-0.006171296708756556
-0.006171296707997828
-0.00617129670672759
-0.006171296704696938
-0.006171296701305813
-0.0061712966957528596
-0.00617129668655339
-0.006171296671399309
-0.006171296646455588
-0.006171296605290159
-0.006171296537452466
-0.006171296425583012
-0.006171296241106956
-0.006171295937027891
-0.0061712954356932526
-0.006171294609083825
-0.006171293246279452
-0.006171290999370115
-0.0061712872948318795
-0.006171281187136665
-0.006171271117293233
-0.006171254515125339
-0.006171227143233551
-0.00617118201586401
-0.006171107616908317
-0.006170984963187081
-0.006170782767084654
-0.006170449471715078
-0.006169900149732919
-0.0061689949840856625
-0.006167504008529815
-0.006165049563990298
-0.006161012993170345
-0.006154384920815447
-0.0061435289416770485
-0.006125817885730721
-0.0060970932263876235
-0.006050891754671902
-0.005977345064664889
-0.005861414330522878
-0.005679180922971807
-0.00538860166493252
-0.004908726804406579
-0.004088214282980338
-0.002700345129168163
-0.0005645274217143312
0.0021371871930560343
0.00462372572416595
0.006105273797061955
0.007504402029060331
0.012985103405181359
0.029975071896670744
0.06943099568071125
0.14864496514507358
0.29598792149230824
0.5577033889323216
1.0047797099681397
1.7217840443616084
2.725971726709894
3.8289124231710594
4.740886199118649
5.356850170479503
5.734839592816128
5.9597901530081066
6.093785349590976
6.174286069604871
6.222135485641829
6.249330380765413
6.263735717702119
6.270817039672676
6.274103550243744
6.275593182417946
6.276280313790813
6.276613925523895
6.276786636394744
6.27688127013827
6.276935262749945
6.276966858965196
6.27698562721782
6.276996872236537
6.277003643446104
6.277007732675802
6.277010206492967
6.277011704594491
6.277012612382547
6.277013162668845
6.277013496319327
6.277013698645721
6.277013821348646
6.277013895766349
6.277013940899228
6.277013968273137
6.277013984876777
6.277013994946129
6.277014001054115
6.277014004757267
6.277014007004383
6.277014008367019
6.277014009193522
6.277014009695628
6.277014009999704
6.277014010184153
6.277014010295929
6.277014010363559
6.277014010405402
6.277014010430464
6.277014010445153
6.277014010454722
6.277014010461224
6.277014010464218
6.277014010466672
6.277014010467259
6.277014010467187
6.277014010468022
6.277014010467856
6.277014010467999
6.277014010468893
6.277014010469319
6.277014010469787
6.277014010470052
6.277014010470135
6.277014010469488
6.277014010469225
6.277014010469646
6.277014010470199
6.277014010470286
6.277014010470292
6.277014010470225
6.27701401047019
6.277014010469702
6.277014010470095
6.2770140104701415
6.277014010469782
6.277014010469844
6.277014010469885
6.277014010469343
6.27701401046976
6.27701401046913
6.277014010468864
6.2770140104688465
6.2770140104688465
6.2770140104688465
6.2770140104688465
6.2770140104688465
6.2770140104688465
6.2770140104688465
6.2770140104688465
6.2770140104688465
6.2770140104688465
6.2770140104688465
6.2770140104688465
6.2770140104688465
6.2770140104688465
6.2770140104688465
6.2770140104688465
6.2770140104688465
6.2770140104688465
