-0.004907813000097503
-0.004907813000097503
-0.004907813000098107
-0.004907813000095171
-0.004907813000090872
-0.004907813000094221
-0.00490781300008939
-0.004907813000090358
-0.004907813000091415
-0.00490781300008365
-0.004907813000089302
-0.0049078130000944796
-0.004907813000099719
-0.004907813000092249
-0.004907813000085706
-0.004907813000086806
-0.0049078130000847564
-0.00490781300008922
-0.004907813000097403
-0.0049078130001004175
-0.004907813000096733
-0.00490781300010718
-0.004907813000113507
-0.004907813000119561
-0.004907813000115932
-0.004907813000122622
-0.004907813000114232
-0.0049078130001150655
-0.004907813000124977
-0.004907813000118137
-0.00490781300011694
-0.004907813000131373
-0.004907813000117634
-0.004907813000117828
-0.004907813000115289
-0.004907813000096086
-0.004907813000094448
-0.004907813000082465
-0.004907813000064107
-0.00490781300004232
-0.004907812999998606
-0.004907812999905487
-0.004907812999795191
-0.004907812999585443
-0.004907812999210667
-0.004907812998600824
-0.004907812997622898
-0.004907812995977087
-0.004907812993264857
-0.0049078129888091085
-0.004907812981470973
-0.004907812969379434
-0.004907812949431137
-0.004907812916554156
-0.0049078128623321485
-0.004907812772926099
-0.004907812625550869
-0.00490781238256293
-0.004907811981905014
-0.004907811321392419
-0.00490781023236526
-0.0049078084368799095
-0.004907805476671347
-0.0049078005961244835
-0.004907792549652296
-0.00490777928366657
-0.004907757412886232
-0.00490772135709437
-0.004907661919467351
-0.004907563946016815
-0.0049074024764981135
-0.004907136424992318
-0.004906698232343498
-0.004905976999123208
-0.0049047911935989185
-0.004902845027001316
-0.004899660109118262
-0.004894471857529138
-0.0048860807189380975
-0.004872655950161519
-0.004851505709017116
-0.004818821114825593
-0.004769225853914267
-0.004694224462168319
-0.00457692687608676
-0.004379203984386884
-0.0040248784017010465
-0.003414395392595236
-0.0025557390720169324
-0.0018600096545774974
-0.002356317396614338
-0.005197876830488045
-0.010230006060805819
-0.014836541102839731
-0.014418434999842342
-0.003127453030654099
0.027427778622489088
0.09083507615828428
0.20963806031535603
0.4217755012222903
0.7886155302622269
1.3954378264482732
2.304955062221435
3.4172177831983768
4.435318628721967
5.16291712533028
5.61761676834929
5.887822383489172
6.047235424108699
6.14283221740351
6.201318930968305
6.236867936875985
6.257451802735337
6.268464155316131
6.273864033184491
6.276321552961361
6.277390076966695
6.277852226831068
6.278059638077872
6.2781590822173285
6.278210319282627
6.278238331940166
6.278254287358658
6.278263610419817
6.2782691416463745
6.278272452757088
6.278274445351559
6.27827564823742
6.278276375753375
6.278276816258204
6.278277083160334
6.2782772449433155
6.278277343031831
6.278277402512571
6.278277438583378
6.278277460460791
6.278277473728237
6.278277481773578
6.278277486654271
6.278277489615441
6.278277491410591
6.278277492499733
6.278277493160206
6.278277493560306
6.278277493803712
6.278277493951317
6.278277494040432
6.278277494094785
6.278277494127685
6.278277494146843
6.27827749415921
6.278277494167518
6.278277494171966
6.2782774941750885
6.278277494176659
6.278277494177332
6.278277494178001
6.278277494178251
6.278277494179323
6.278277494179006
6.278277494178896
6.278277494178826
6.278277494179505
6.278277494179116
6.278277494179357
6.278277494178867
6.278277494179124
6.278277494178399
6.2782774941788
6.278277494179968
6.278277494179504
6.278277494179588
6.278277494179209
6.27827749417914
6.278277494179054
6.278277494179098
6.278277494179226
6.278277494178563
6.278277494178078
6.2782774941782735
6.278277494178397
6.278277494178406
6.2782774941779405
6.278277494177847
6.278277494177827
6.278277494177827
6.278277494177827
6.278277494177827
6.278277494177827
6.278277494177827
6.278277494177827
6.278277494177827
6.278277494177827
6.278277494177827
6.278277494177827
6.278277494177827
6.278277494177827
6.278277494177827
6.278277494177827
6.278277494177827
6.278277494177827
