-0.02443237130556268
-0.02443237130556268
-0.02443237130556036
-0.024432371305556186
-0.024432371305558306
-0.024432371305557116
-0.024432371305553018
-0.02443237130555079
-0.0244323713055482
-0.02443237130555415
-0.024432371305552283
-0.024432371305559815
-0.02443237130555372
-0.02443237130555301
-0.02443237130554836
-0.024432371305551884
-0.02443237130555904
-0.02443237130555849
-0.024432371305555114
-0.024432371305559863
-0.02443237130557525
-0.02443237130558028
-0.024432371305579768
-0.02443237130558057
-0.024432371305586963
-0.024432371305587564
-0.024432371305584
-0.024432371305584233
-0.02443237130559882
-0.02443237130559556
-0.024432371305608238
-0.024432371305588726
-0.024432371305584497
-0.02443237130557609
-0.024432371305569262
-0.0244323713055805
-0.024432371305576777
-0.02443237130556752
-0.024432371305532885
-0.024432371305513814
-0.02443237130547854
-0.024432371305430255
-0.024432371305320402
-0.02443237130516176
-0.024432371304895457
-0.02443237130445594
-0.024432371303743202
-0.024432371302512426
-0.024432371300517633
-0.024432371297200665
-0.02443237129179341
-0.024432371282865708
-0.02443237126811379
-0.02443237124381654
-0.024432371203722082
-0.024432371137647346
-0.024432371028738548
-0.024432370849103213
-0.024432370552950444
-0.024432370064703016
-0.024432369259718166
-0.02443236793257159
-0.0244323657445309
-0.024432362137188413
-0.024432356190052303
-0.024432346385870787
-0.024432330224198162
-0.024432303585462896
-0.02443225968550944
-0.0244321873608638
-0.024432068264551406
-0.024431872306222555
-0.0244315503034358
-0.024431022319443964
-0.02443015963430755
-0.02442875813077599
-0.024426502236514446
-0.0244229241146757
-0.02441737681640201
-0.024409063155059314
-0.02439716530673374
-0.024380975117205092
-0.024359322126410315
-0.024327311693912734
-0.02426796501512782
-0.02414384672485292
-0.023921130705484288
-0.02369638223184905
-0.0239565645599164
-0.025750806363428573
-0.030242761778066344
-0.037473992877212564
-0.04544365475840287
-0.05082436777250453
-0.05021078873080106
-0.03963430037150975
-0.012935143241710769
0.0400159164759286
0.13670210406500752
0.30741897944047153
0.6030463762745091
1.1015767248428099
1.8892238010624618
2.9544060116541027
4.053838857178137
4.906534647498739
5.457239529127982
5.785637070612498
5.9770484537976625
6.089477486720346
6.157565048525167
6.2001827557887275
6.226814830179777
6.242613112704766
6.251204194796428
6.255441799427835
6.257354604628283
6.258163213463257
6.258494596276579
6.258631924452087
6.258691842943676
6.25872005534127
6.258734411729087
6.258742188904504
6.2587465884454
6.2587491466897225
6.258750659445215
6.25875156306263
6.258752106104349
6.2587524336473255
6.258752631644051
6.258752751490805
6.25875282409102
6.258752868091222
6.258752894769531
6.258752910944907
6.25875292075266
6.258752926701115
6.258752930308083
6.258752932497707
6.258752933825382
6.258752934630184
6.258752935117924
6.2587529354136215
6.258752935593192
6.258752935702167
6.258752935768697
6.258752935808512
6.258752935831806
6.258752935846324
6.258752935856
6.25875293586164
6.258752935865052
6.2587529358675855
6.258752935868025
6.258752935869428
6.2587529358704925
6.258752935870906
6.258752935871499
6.258752935871719
6.258752935870714
6.258752935870552
6.25875293586998
6.258752935870233
6.258752935869572
6.25875293587034
6.258752935869904
6.258752935869615
6.258752935869897
6.258752935870239
6.258752935870363
6.258752935870055
6.2587529358701035
6.258752935870297
6.258752935869601
6.25875293586953
6.258752935869747
6.258752935869334
6.258752935868604
6.258752935868811
6.2587529358685465
6.258752935869035
6.25875293586905
6.258752935868812
6.2587529358688085
6.2587529358688085
6.2587529358688085
6.2587529358688085
6.2587529358688085
6.2587529358688085
6.2587529358688085
6.2587529358688085
6.2587529358688085
6.2587529358688085
6.2587529358688085
6.2587529358688085
6.2587529358688085
6.2587529358688085
6.2587529358688085
6.2587529358688085
6.2587529358688085
