-0.05987401731725936
-0.05987401731725936
-0.059874017317257375
-0.05987401731725874
-0.05987401731726007
-0.05987401731725397
-0.05987401731725553
-0.059874017317251116
-0.059874017317250464
-0.05987401731725693
-0.05987401731725852
-0.059874017317252205
-0.0598740173172476
-0.059874017317248486
-0.05987401731725538
-0.05987401731725666
-0.059874017317263106
-0.059874017317261816
-0.059874017317256986
-0.05987401731726419
-0.05987401731727869
-0.059874017317281855
-0.05987401731727955
-0.059874017317278413
-0.059874017317283056
-0.0598740173172805
-0.05987401731728803
-0.059874017317295095
-0.05987401731728917
-0.059874017317310894
-0.05987401731730194
-0.05987401731728631
-0.05987401731728194
-0.059874017317268935
-0.05987401731727117
-0.059874017317286816
-0.05987401731728642
-0.0598740173172684
-0.05987401731725493
-0.0598740173172217
-0.059874017317199144
-0.059874017317170236
-0.059874017317093284
-0.05987401731697732
-0.05987401731682023
-0.05987401731656216
-0.059874017316075064
-0.05987401731531855
-0.059874017314028825
-0.05987401731193102
-0.05987401730846861
-0.059874017302765724
-0.05987401729336968
-0.0598740172778336
-0.05987401725225657
-0.059874017210102694
-0.059874017140550864
-0.059874017025893664
-0.05987401683687151
-0.05987401652518273
-0.05987401601137316
-0.05987401516428759
-0.05987401376779302
-0.05987401146572388
-0.059874007671087755
-0.05987400141717337
-0.05987399111267911
-0.05987397414102682
-0.059873946207208296
-0.05987390028152522
-0.05987382491371283
-0.059873701601998675
-0.05987350085329068
-0.05987317673355622
-0.059872660580199764
-0.059871857343854376
-0.05987065526217841
-0.05986897484070187
-0.059866905701242756
-0.05986498178911331
-0.059864514993767305
-0.05986740304783591
-0.0598738675156745
-0.05987670081070411
-0.05985780509421413
-0.059815986606738064
-0.05988322019879238
-0.06054492240720093
-0.06276346274913586
-0.06755520917158744
-0.07490117594402641
-0.08298986657783584
-0.08903801630663379
-0.0907891180483161
-0.08645764529233325
-0.07351909308329783
-0.04784911468159262
-0.0021460270351208242
0.07689737378505901
0.21284638270839104
0.44652824881099923
0.8447477264318116
1.4985428204477644
2.462043129293716
3.594128724318014
4.575339093667165
5.24557739827486
5.651124103942008
5.885734375635087
6.0203874579588135
6.099098052202188
6.147287570100743
6.178277320975385
6.198294904204816
6.210522681892755
6.217318056569509
6.220713547263615
6.222249294664018
6.222889674294065
6.223142646730744
6.223240688922498
6.223279484204878
6.22329574808084
6.223303136952533
6.2233067820601216
6.223308708159104
6.2233097779399005
6.223310392178139
6.223310752387429
6.223310966412207
6.2233110946088175
6.223311171773416
6.223311218360047
6.223311246536649
6.223311263597921
6.223311273935634
6.2233112802015444
6.22331128400032
6.22331128630459
6.223311287700689
6.223311288548956
6.223311289063113
6.22331128937406
6.223311289563081
6.223311289677148
6.223311289746635
6.223311289788953
6.223311289813496
6.223311289828776
6.223311289838801
6.223311289844434
6.22331128984739
6.223311289849728
6.223311289850687
6.223311289852188
6.223311289853076
6.223311289854035
6.223311289854826
6.223311289854518
6.223311289854633
6.223311289854566
6.223311289853391
6.223311289852545
6.223311289852415
6.223311289852346
6.223311289852541
6.223311289852327
6.223311289852827
6.223311289852441
6.223311289851887
6.2233112898524015
6.223311289852349
6.223311289852643
6.223311289852394
6.2233112898520035
6.2233112898516225
6.223311289851362
6.223311289851665
6.223311289851569
6.2233112898510115
6.223311289851105
6.22331128985123
6.223311289851835
6.2233112898517655
6.223311289851507
6.223311289851507
6.223311289851507
6.223311289851507
6.223311289851507
6.223311289851507
6.223311289851507
6.223311289851507
6.223311289851507
6.223311289851507
6.223311289851507
6.223311289851507
6.223311289851507
6.223311289851507
6.223311289851507
6.223311289851507
6.223311289851507
