-0.10250748214631657
-0.10250748214631657
-0.10250748214632047
-0.10250748214632377
-0.10250748214631857
-0.1025074821463199
-0.10250748214631941
-0.10250748214631947
-0.10250748214632299
-0.10250748214631879
-0.1025074821463204
-0.10250748214631188
-0.10250748214631172
-0.10250748214631457
-0.10250748214632167
-0.10250748214632557
-0.10250748214632253
-0.10250748214632409
-0.10250748214633192
-0.10250748214633512
-0.10250748214633057
-0.10250748214633704
-0.1025074821463381
-0.10250748214633772
-0.10250748214633021
-0.10250748214633866
-0.10250748214634457
-0.10250748214635101
-0.10250748214635133
-0.10250748214635362
-0.10250748214633895
-0.10250748214634633
-0.10250748214633164
-0.10250748214633296
-0.10250748214633987
-0.10250748214633822
-0.10250748214633944
-0.10250748214633135
-0.10250748214632502
-0.10250748214631153
-0.10250748214629177
-0.10250748214625359
-0.10250748214623885
-0.10250748214618584
-0.10250748214611745
-0.10250748214600168
-0.10250748214579948
-0.10250748214547703
-0.10250748214493935
-0.10250748214405575
-0.10250748214257262
-0.10250748214014202
-0.10250748213613431
-0.1025074821295202
-0.10250748211864429
-0.10250748210067796
-0.10250748207102567
-0.1025074820221981
-0.10250748194166856
-0.10250748180891892
-0.10250748159008431
-0.10250748122939543
-0.1025074806350392
-0.1025074796558617
-0.10250747804357878
-0.1025074753910661
-0.10250747103331892
-0.10250746389065289
-0.10250745222848046
-0.10250743330984838
-0.10250740295356181
-0.10250735515361802
-0.10250728236403514
-0.10250717830246041
-0.10250704830793254
-0.10250693958032348
-0.10250701776131689
-0.10250773522414657
-0.10251013303641451
-0.10251619626952574
-0.10252875657343469
-0.102549728022846
-0.10257595041561712
-0.10259864009224291
-0.10263184708798462
-0.10281574203656486
-0.10359833140551852
-0.10581368887078686
-0.11027655264975147
-0.11681534286209976
-0.12364370302149928
-0.1282215574601888
-0.1288581606103049
-0.12488633436436497
-0.11558081194092949
-0.09962978595797899
-0.07449315757071379
-0.03491739859742677
0.02897417520410615
0.13516278328840295
0.3155956849308736
0.6247933939752501
1.1463633048253599
1.9694736938399098
3.065742804502404
4.157155360634505
4.970716713806679
5.479646694691772
5.774658878833952
5.941309985540097
6.035328954348231
6.08980314980835
6.123502250535636
6.145869266129909
6.1608931223125865
6.17039163664825
6.175811006812324
6.178569248517233
6.179829300793183
6.180354046327954
6.180557536044318
6.180632941594434
6.180660451184616
6.180670653759874
6.180674619255147
6.180676272280546
6.180677019295091
6.180677384326191
6.180677574887306
6.180677679504275
6.180677739012484
6.180677773675814
6.180677794179043
6.180677806425202
6.180677813779986
6.180677818217537
6.180677820900167
6.180677822523672
6.1806778235071205
6.180677824102324
6.18067782446304
6.18067782468292
6.180677824816016
6.180677824895802
6.180677824944671
6.180677824973948
6.180677824990396
6.180677825001161
6.180677825008576
6.180677825012959
6.180677825014711
6.180677825015751
6.180677825016445
6.180677825016964
6.180677825018299
6.1806778250186705
6.180677825019059
6.180677825019416
6.180677825019575
6.180677825018898
6.180677825019416
6.180677825018658
6.180677825017917
6.180677825017028
6.180677825017611
6.180677825016724
6.18067782501749
6.180677825017448
6.180677825017165
6.180677825016597
6.18067782501642
6.180677825017196
6.1806778250169145
6.180677825016518
6.180677825016494
6.180677825016428
6.180677825016088
6.180677825016365
6.180677825016621
6.180677825016539
6.180677825016639
6.180677825016588
6.1806778250164305
6.180677825016699
6.180677825016808
6.1806778250167795
6.1806778250167795
6.1806778250167795
6.1806778250167795
6.1806778250167795
6.1806778250167795
6.1806778250167795
6.1806778250167795
6.1806778250167795
6.1806778250167795
6.1806778250167795
6.1806778250167795
6.1806778250167795
6.1806778250167795
6.1806778250167795
6.1806778250167795
