-0.14192086155638495
-0.14192086155638495
-0.14192086155639086
-0.1419208615563873
-0.14192086155638764
-0.14192086155639444
-0.14192086155639286
-0.14192086155639735
-0.14192086155639355
-0.14192086155639297
-0.14192086155638448
-0.14192086155639008
-0.14192086155639028
-0.14192086155639283
-0.14192086155639094
-0.14192086155639136
-0.1419208615563903
-0.1419208615563951
-0.141920861556407
-0.1419208615564036
-0.14192086155639183
-0.14192086155638972
-0.14192086155639766
-0.14192086155639455
-0.1419208615563929
-0.14192086155640088
-0.14192086155640446
-0.14192086155639905
-0.14192086155640682
-0.1419208615563817
-0.14192086155639147
-0.14192086155639272
-0.14192086155639333
-0.14192086155640468
-0.14192086155640193
-0.14192086155639422
-0.14192086155638756
-0.14192086155639713
-0.14192086155639483
-0.14192086155640699
-0.14192086155638423
-0.1419208615563669
-0.14192086155638056
-0.14192086155640812
-0.14192086155642092
-0.14192086155644087
-0.14192086155654185
-0.1419208615566422
-0.14192086155687228
-0.14192086155717507
-0.14192086155769454
-0.1419208615585417
-0.14192086155993291
-0.141920861562279
-0.14192086156609748
-0.1419208615723595
-0.14192086158274522
-0.14192086159984138
-0.1419208616280596
-0.14192086167463952
-0.14192086175147486
-0.14192086187842687
-0.14192086208841623
-0.14192086243647165
-0.14192086301537593
-0.14192086398350007
-0.1419208656167633
-0.14192086841014423
-0.14192087328801586
-0.14192088206586007
-0.14192089851598197
-0.14192093091955485
-0.14192099828984445
-0.1419211455206449
-0.14192147933110238
-0.14192224891911895
-0.14192400948454004
-0.14192789735753653
-0.14193592969366145
-0.14195088223031108
-0.14197479033442412
-0.14200584498851215
-0.14203960712715233
-0.14209652082377786
-0.14231184138778558
-0.14308244215827542
-0.14510622075507437
-0.14899384163092091
-0.15441039760521316
-0.15955768544762955
-0.16204477094212885
-0.16051422533617243
-0.15493894055195545
-0.14554461973118857
-0.13232229828878686
-0.11486484808363298
-0.09152669347706861
-0.058593226986758486
-0.008819288661876586
0.0713528131006489
0.2063744539878682
0.4389166708857666
0.8395818129962012
1.5060661027052034
2.4949623739408
3.6449571197560027
4.6158298315967246
5.261007623212514
5.641421105660629
5.855167553767959
5.973156754706528
6.038209523745318
6.075278829430347
6.098399737400441
6.114329594870716
6.125539500193639
6.132915510889284
6.137254072557439
6.139512702108154
6.140560880181733
6.141000846102433
6.14117086329799
6.141232508187276
6.141253869964409
6.1412610531316
6.141263415805141
6.141264172273924
6.141264401447368
6.141264461581246
6.141264470537238
6.1412644662173586
6.141264460099181
6.141264455122918
6.141264451642341
6.1412644493635575
6.141264447919133
6.14126444702219
6.14126444647058
6.14126444613136
6.141264445925508
6.141264445798894
6.14126444572243
6.1412644456768115
6.141264445648725
6.141264445631127
6.14126444561986
6.141264445612645
6.141264445609441
6.141264445607635
6.141264445605309
6.14126444560491
6.1412644456043655
6.141264445603397
6.141264445604165
6.141264445603446
6.1412644456039285
6.141264445603311
6.141264445603177
6.141264445603375
6.141264445603285
6.141264445602855
6.14126444560351
6.141264445602952
6.141264445603025
6.1412644456019585
6.14126444560196
6.141264445602214
6.141264445601765
6.14126444560197
6.141264445601776
6.141264445601429
6.141264445601321
6.141264445600975
6.141264445601225
6.14126444560115
6.141264445601469
6.14126444560187
6.14126444560152
6.141264445601453
6.141264445602624
6.141264445602163
6.141264445602036
6.141264445601471
6.141264445601323
6.141264445601834
6.141264445601967
6.14126444560193
6.14126444560193
6.14126444560193
6.14126444560193
6.14126444560193
6.14126444560193
6.14126444560193
6.14126444560193
6.14126444560193
6.14126444560193
6.14126444560193
6.14126444560193
6.14126444560193
6.14126444560193
6.14126444560193
