-0.16857417552596432
-0.16857417552596432
-0.16857417552595663
-0.16857417552595322
-0.1685741755259655
-0.16857417552595752
-0.16857417552596377
-0.1685741755259681
-0.1685741755259588
-0.1685741755259611
-0.1685741755259634
-0.1685741755259635
-0.16857417552596732
-0.16857417552596396
-0.16857417552596268
-0.16857417552595674
-0.16857417552596302
-0.16857417552596995
-0.1685741755259772
-0.1685741755259723
-0.16857417552595838
-0.16857417552594467
-0.16857417552594686
-0.16857417552594475
-0.16857417552595905
-0.16857417552596707
-0.1685741755259644
-0.16857417552595835
-0.16857417552594367
-0.16857417552594833
-0.1685741755259396
-0.1685741755259344
-0.1685741755259565
-0.16857417552597462
-0.16857417552596382
-0.16857417552594442
-0.16857417552594453
-0.16857417552595294
-0.1685741755259705
-0.1685741755259835
-0.16857417552598197
-0.1685741755260146
-0.16857417552603893
-0.16857417552611184
-0.16857417552622725
-0.1685741755264246
-0.16857417552675374
-0.16857417552735177
-0.16857417552827098
-0.16857417552979226
-0.16857417553228124
-0.1685741755363966
-0.1685741755431838
-0.1685741755543572
-0.16857417557277735
-0.16857417560316035
-0.16857417565326346
-0.16857417573587152
-0.1685741758721311
-0.16857417609682585
-0.16857417646752967
-0.16857417707928937
-0.16857417808952127
-0.16857417975960262
-0.16857418252516185
-0.16857418711754155
-0.16857419477786387
-0.16857420764782383
-0.16857422951485707
-0.16857426730751088
-0.16857433425227
-0.16857445681624125
-0.16857469030534739
-0.16857515366756606
-0.16857610378259258
-0.16857807922554777
-0.1685821288628766
-0.1685900317820578
-0.1686041136698855
-0.1686259159525947
-0.16865384686349716
-0.16868548266494027
-0.16874333823272097
-0.16895208644955798
-0.16965499442052448
-0.17142194049325207
-0.17468051069180926
-0.17895754397653935
-0.18246110326477913
-0.1829456685782027
-0.17931438343277828
-0.17197720681582887
-0.1617334168296254
-0.14919146986890028
-0.13484787390426314
-0.11858752106991799
-0.09927296110107162
-0.0742747947262568
-0.038208082429031245
0.019016941392398307
0.11560893502705534
0.28396531832847116
0.5805317890787408
1.0940044518175944
1.9236151120639067
3.0469997975214356
4.16116916627711
4.977070354392897
5.47683454349918
5.759769841955393
5.914752051795292
5.998152404896088
6.042667831434883
6.067292881421963
6.082705927830121
6.093820007964625
6.102097719186091
6.107804106837074
6.1112786859620485
6.113135056220385
6.114013689851751
6.1143876816971
6.114533204721378
6.11458576851569
6.1146035927579065
6.1146092710406785
6.114610927303271
6.114611323148129
6.1146113566835565
6.114611306280909
6.114611251118061
6.114611208975482
6.11461118030728
6.114611161795958
6.114611150162453
6.114611142956585
6.114611138531799
6.114611135828328
6.114611134182061
6.114611133179903
6.114611132571801
6.114611132201052
6.114611131976921
6.114611131841819
6.114611131758401
6.114611131707528
6.114611131678452
6.114611131659582
6.114611131647508
6.114611131640277
6.114611131636647
6.1146111316347955
6.114611131633999
6.114611131632685
6.114611131631759
6.114611131630791
6.114611131630562
6.114611131629866
6.114611131629581
6.114611131630117
6.114611131629895
6.114611131630059
6.114611131631106
6.1146111316311655
6.114611131630283
6.114611131630292
6.114611131629415
6.114611131629435
6.114611131629471
6.114611131629834
6.114611131629528
6.11461113162823
6.1146111316285685
6.114611131628862
6.114611131629146
6.1146111316294895
6.114611131630097
6.114611131629697
6.114611131629857
6.114611131629968
6.114611131630649
6.114611131629959
6.11461113162965
6.114611131629431
6.114611131629713
6.114611131629928
6.1146111316299665
6.1146111316299665
6.1146111316299665
6.1146111316299665
6.1146111316299665
6.1146111316299665
6.1146111316299665
6.1146111316299665
6.1146111316299665
6.1146111316299665
6.1146111316299665
6.1146111316299665
6.1146111316299665
6.1146111316299665
6.1146111316299665
