-0.176094959380733
-0.176094959380733
-0.1760949593807207
-0.17609495938072342
-0.17609495938072617
-0.1760949593807222
-0.17609495938072456
-0.17609495938072292
-0.17609495938072497
-0.1760949593807241
-0.17609495938073375
-0.176094959380733
-0.17609495938073405
-0.17609495938073003
-0.17609495938072856
-0.17609495938072617
-0.17609495938073086
-0.17609495938073924
-0.17609495938072767
-0.17609495938072162
-0.1760949593807196
-0.1760949593807037
-0.17609495938069197
-0.1760949593807046
-0.17609495938071462
-0.17609495938072198
-0.1760949593807186
-0.1760949593807097
-0.17609495938069605
-0.17609495938070505
-0.17609495938069814
-0.1760949593807038
-0.17609495938071446
-0.17609495938071554
-0.1760949593807156
-0.17609495938070635
-0.17609495938070321
-0.17609495938071787
-0.1760949593807351
-0.1760949593807355
-0.17609495938079223
-0.17609495938084607
-0.17609495938091801
-0.17609495938101782
-0.1760949593812541
-0.17609495938162026
-0.17609495938221026
-0.17609495938323239
-0.176094959384858
-0.17609495938756697
-0.17609495939200298
-0.17609495939934777
-0.17609495941145384
-0.17609495943134007
-0.1760949594641699
-0.1760949595183371
-0.17609495960760954
-0.17609495975489686
-0.1760949599977459
-0.17609496039832384
-0.1760949610593152
-0.17609496215051063
-0.17609496395352928
-0.17609496693689047
-0.17609497188454146
-0.17609498012019154
-0.1760949939104206
-0.17609501721787732
-0.17609505717635893
-0.17609512712381736
-0.17609525309814544
-0.17609548805887174
-0.17609594280897004
-0.17609685014023346
-0.1760986844785066
-0.17610234082834939
-0.17610927590488348
-0.17612126464012084
-0.17613920387935017
-0.17616134702232641
-0.17618627652031513
-0.1762365728697218
-0.1764244216047091
-0.17704226281914945
-0.17854656513758232
-0.181211031202918
-0.18446123240281753
-0.1865477461186466
-0.18539810791648492
-0.18016607365792373
-0.17161268619827305
-0.16094046414034816
-0.149069784372393
-0.13683544394602162
-0.12471269505040329
-0.11252853045030581
-0.09945942485959362
-0.08347070686888015
-0.06054485000326495
-0.023350631254884367
0.041365943330023025
0.1577990091472625
0.3687147728329071
0.7464070929799154
1.3975784097323283
2.398987600670764
3.5929372534432225
4.601400342728664
5.26250953447481
5.64548152741421
5.856126455801052
5.968963493310378
6.027930930629081
6.057994817170441
6.073793007228034
6.083621089012914
6.091136970785559
6.097152994437457
6.101536030779521
6.104311328188942
6.105837506476064
6.106576273643794
6.106896373916387
6.107022589763068
6.1070685301566945
6.1070841008682075
6.107088991156222
6.107090356157476
6.1070906364136155
6.107090620465029
6.107090547256308
6.107090480840408
6.107090432810108
6.107090400916741
6.107090380575681
6.107090367878662
6.107090360044095
6.107090355243802
6.107090352316224
6.107090350533294
6.107090349449464
6.107090348791553
6.10709034839137
6.107090348148479
6.107090348001571
6.107090347913347
6.107090347859527
6.1070903478259355
6.1070903478046805
6.107090347793415
6.107090347785591
6.107090347782145
6.107090347780885
6.107090347778648
6.107090347777321
6.107090347775633
6.107090347775104
6.107090347774554
6.107090347774494
6.107090347774049
6.107090347774868
6.107090347774968
6.107090347775818
6.107090347775897
6.107090347776886
6.107090347775805
6.10709034777525
6.107090347775119
6.107090347775143
6.107090347775082
6.107090347774942
6.107090347774793
6.107090347774288
6.107090347774292
6.107090347775089
6.10709034777556
6.107090347775037
6.107090347775872
6.107090347776111
6.1070903477752685
6.107090347775852
6.1070903477755705
6.107090347775484
6.107090347775772
6.107090347775392
6.107090347775305
6.10709034777549
6.1070903477755
6.1070903477755
6.1070903477755
6.1070903477755
6.1070903477755
6.1070903477755
6.1070903477755
6.1070903477755
6.1070903477755
6.1070903477755
6.1070903477755
6.1070903477755
6.1070903477755
6.1070903477755
