-0.042754807459738975
-0.042754807459738975
-0.042754807459738975
-0.042754807459738975
-0.042754807459738975
-0.042754807459738975
-0.042754807459738975
-0.042754807459738975
-0.04275480745973888
-0.04275480745973886
-0.042754807459738885
-0.042754807459738975
-0.042754807459738774
-0.04275480745973885
-0.04275480745973888
-0.042754807459738954
-0.042754807459738954
-0.04275480745973908
-0.04275480745973908
-0.042754807459738996
-0.042754807459739065
-0.04275480745973911
-0.042754807459738836
-0.04275480745973878
-0.04275480745973876
-0.04275480745973885
-0.0427548074597388
-0.042754807459738586
-0.042754807459737657
-0.042754807459737906
-0.04275480745973689
-0.0427548074597346
-0.042754807459732806
-0.042754807459728185
-0.04275480745971984
-0.042754807459708194
-0.04275480745968937
-0.04275480745965616
-0.0427548074596033
-0.042754807459516854
-0.042754807459372914
-0.042754807459134674
-0.04275480745874261
-0.042754807458097226
-0.04275480745703261
-0.042754807455278265
-0.04275480745238516
-0.04275480744761656
-0.04275480743975437
-0.04275480742678896
-0.04275480740541339
-0.04275480737017081
-0.042754807312066316
-0.04275480721626823
-0.042754807058323525
-0.04275480679791752
-0.04275480636858003
-0.04275480566072394
-0.04275480449366285
-0.042754802569507214
-0.04275479939711096
-0.04275479416671284
-0.04275478554324456
-0.04275477132554918
-0.042754747884531305
-0.042754709236829766
-0.0427546455175394
-0.04275454046219007
-0.042754367255201105
-0.042754081685155106
-0.042753610859747854
-0.04275283459988515
-0.04275155476374403
-0.04274944467069601
-0.042745965715450564
-0.04274022988807274
-0.04273077310783379
-0.0427151815140896
-0.042689475324532246
-0.0426470929903342
-0.04257721635434103
-0.04246200931240357
-0.042272065159286075
-0.04195890059582465
-0.0414425806169559
-0.04059131589419792
-0.03918782592459763
-0.03687388516020834
-0.03305890647200302
-0.026769255356698912
-0.01639992078392498
0.0006945416183800376
0.028873108605592463
0.07531297566431966
0.15181004161915565
0.27765518340546613
0.4839427035908994
0.8186233438676019
1.3460883580632212
2.118599586819247
3.0911948410304455
4.066621957146991
4.844432442711168
5.375774961980743
5.712403618926318
5.91951134277456
6.045675360922417
6.122292293393722
6.168776618672128
6.196971590790374
6.214072095100566
6.224443653289347
6.230734122552619
6.234549402237468
6.236863453734628
6.238266984440723
6.239118264149598
6.239634589642076
6.239947756233405
6.240137701132826
6.240252908448884
6.240322785185743
6.2403651675571785
6.240390873760237
6.240406465358675
6.240415922140522
6.240421657969113
6.24042513692471
6.24042724701827
6.24042852685434
6.240429303114224
6.240429773939317
6.240430059509814
6.240430232717034
6.240430337772322
6.240430401491478
6.240430440139005
6.240430463579801
6.240430477797089
6.240430486420678
6.240430491651558
6.240430494823875
6.240430496748031
6.240430497915308
6.240430498622824
6.240430499052196
6.240430499312573
6.240430499470493
6.240430499566021
6.24043049962418
6.2404304996593165
6.240430499680701
6.2404304996938205
6.24043049970191
6.2404304997066085
6.240430499709363
6.240430499711012
6.240430499711984
6.240430499712908
6.240430499713442
6.240430499713463
6.240430499713423
6.240430499713416
6.240430499713492
6.2404304997134235
6.240430499713396
6.240430499713444
6.240430499713374
6.240430499713368
6.240430499713333
6.240430499713334
6.2404304997133355
6.240430499713388
6.240430499713336
6.240430499713399
6.240430499713399
6.240430499713399
6.240430499713399
6.240430499713399
6.240430499713399
6.240430499713399
6.240430499713399
6.240430499713399
6.240430499713399
6.240430499713399
6.240430499713399
6.240430499713399
6.240430499713399
6.240430499713399
6.240430499713399
6.240430499713399
6.240430499713399
6.240430499713399
6.240430499713399
6.240430499713399
6.240430499713399
6.240430499713399
6.240430499713399
6.240430499713399
6.240430499713399
6.240430499713399
