-0.08502294059173185
-0.08502294059173185
-0.08502294059173185
-0.08502294059173185
-0.08502294059173185
-0.08502294059173185
-0.08502294059173185
-0.08502294059173185
-0.0850229405917316
-0.08502294059173157
-0.0850229405917316
-0.08502294059173185
-0.08502294059173181
-0.08502294059173157
-0.0850229405917316
-0.08502294059173184
-0.08502294059173184
-0.08502294059173193
-0.08502294059173193
-0.08502294059173188
-0.08502294059173174
-0.08502294059173159
-0.08502294059173227
-0.08502294059173221
-0.08502294059173184
-0.08502294059173174
-0.08502294059173188
-0.08502294059173192
-0.08502294059173146
-0.08502294059173145
-0.0850229405917287
-0.08502294059173063
-0.08502294059172906
-0.08502294059172504
-0.08502294059171597
-0.08502294059170548
-0.08502294059168664
-0.08502294059165409
-0.08502294059160312
-0.08502294059151613
-0.08502294059137892
-0.08502294059114673
-0.08502294059076429
-0.08502294059013148
-0.08502294058909896
-0.0850229405873915
-0.08502294058457674
-0.08502294057993685
-0.0850229405722867
-0.08502294055967288
-0.08502294053887154
-0.08502294050458065
-0.08502294044804196
-0.08502294035482455
-0.08502294020114232
-0.08502293994775977
-0.08502293953000242
-0.08502293884123695
-0.08502293770564971
-0.0850229358333871
-0.08502293274654912
-0.08502292765721586
-0.08502291926631592
-0.085022905432066
-0.08502288262324932
-0.08502284501786167
-0.0850227830170613
-0.08502268079501676
-0.08502251225936511
-0.08502223439105255
-0.08502177626365771
-0.08502102093929474
-0.0850197756199794
-0.08501772243563596
-0.08501433730719839
-0.08500875617464655
-0.084999554444635
-0.08498438336189805
-0.08495937048939403
-0.08491813127332891
-0.08485013940626862
-0.08473804005588376
-0.08455322025231841
-0.08424850602855152
-0.08374612295263338
-0.08291784886456725
-0.08155229789455325
-0.07930099860312002
-0.07558953843762649
-0.06947118573771634
-0.05938585051215949
-0.04276336236375495
-0.015370762196080141
0.029761602558555905
0.10410627606929221
0.226516913899571
0.42767312484638226
0.7555216958418044
1.2756061791137847
2.0438450946696616
3.0213486305212647
4.0112365639509076
4.803144846644625
5.341276162329417
5.678636126666934
5.883957253761472
6.008027566954518
6.083004104865491
6.1283721634738
6.15585193674022
6.172506558952108
6.1826037245252135
6.188726430574852
6.1924394924119275
6.194691380947119
6.196057148691483
6.1968855025265634
6.1973879149401485
6.197692639956461
6.197877463729891
6.19798956454077
6.198057556945289
6.198098796358544
6.198123809303461
6.198138980412624
6.198148182152582
6.198153763288984
6.198157148419059
6.198159201604311
6.198160446924388
6.198161202248051
6.198161660375855
6.198161938244244
6.19816210678035
6.1981622090027
6.198162271002464
6.198162308607614
6.198162331416252
6.198162345250148
6.198162353641312
6.198162358730954
6.1981623618179436
6.198162363690358
6.198162364825892
6.198162365515116
6.1981623659328395
6.1981623661857705
6.198162366339234
6.19816236643197
6.198162366488875
6.198162366523137
6.198162366543861
6.1981623665565335
6.198162366564067
6.198162366568376
6.198162366571519
6.1981623665732855
6.1981623665744054
6.198162366575051
6.198162366575813
6.198162366576012
6.198162366575833
6.198162366575703
6.198162366575606
6.198162366575602
6.198162366575519
6.198162366575504
6.198162366575338
6.19816236657521
6.198162366575141
6.1981623665751275
6.1981623665751435
6.198162366575208
6.198162366575178
6.198162366575363
6.198162366575401
6.198162366575409
6.198162366575409
6.198162366575409
6.198162366575409
6.198162366575409
6.198162366575409
6.198162366575409
6.198162366575409
6.198162366575409
6.198162366575409
6.198162366575409
6.198162366575409
6.198162366575409
6.198162366575409
6.198162366575409
6.198162366575409
6.198162366575409
6.198162366575409
6.198162366575409
6.198162366575409
6.198162366575409
6.198162366575409
6.198162366575409
6.198162366575409
6.198162366575409
