-0.12832426637305366
-0.12832426637305366
-0.12832426637305366
-0.12832426637305366
-0.12832426637305366
-0.12832426637305366
-0.12832426637305366
-0.12832426637305366
-0.12832426637305336
-0.12832426637305402
-0.12832426637305336
-0.12832426637305366
-0.128324266373054
-0.12832426637305402
-0.12832426637305336
-0.12832426637305366
-0.12832426637305366
-0.1283242663730537
-0.1283242663730537
-0.12832426637305364
-0.1283242663730535
-0.12832426637305372
-0.12832426637305422
-0.12832426637305447
-0.12832426637305455
-0.12832426637305364
-0.1283242663730546
-0.12832426637305477
-0.12832426637305452
-0.12832426637305405
-0.1283242663730566
-0.12832426637305483
-0.12832426637305616
-0.12832426637305316
-0.12832426637304498
-0.12832426637303795
-0.1283242663730145
-0.12832426637298264
-0.128324266372937
-0.12832426637285205
-0.12832426637271216
-0.12832426637249503
-0.12832426637212732
-0.12832426637151428
-0.12832426637051786
-0.12832426636887131
-0.12832426636616726
-0.12832426636170063
-0.1283242663543351
-0.12832426634218919
-0.12832426632216618
-0.12832426628915153
-0.12832426623471566
-0.12832426614496842
-0.12832426599701288
-0.12832426575306802
-0.12832426535087424
-0.12832426468776043
-0.1283242635944737
-0.1283242617919527
-0.1283242588200861
-0.12832425392032
-0.1283242458419685
-0.12832423252301697
-0.12832421056378499
-0.12832417435912566
-0.1283241146677433
-0.12832401625327233
-0.1283238539952624
-0.12832358647702438
-0.12832314541403428
-0.12832241822415097
-0.12832121929084309
-0.12831924258433025
-0.1283159835471828
-0.1283106103058192
-0.12830175133530114
-0.1282871453806897
-0.12826306428295245
-0.12822336140160878
-0.12815790278809702
-0.12804998078852625
-0.12787205023081816
-0.12757869976260883
-0.12709506671743612
-0.12629774495171214
-0.12498332971235908
-0.12281661558747069
-0.1192453376527475
-0.11335995684087301
-0.10366323334587213
-0.0876914967880537
-0.061390418845731286
-0.01807834847526973
0.0532912651424845
0.17101518120396444
0.36508129276670925
0.6824557139136591
1.1877837024325655
1.94002929994092
2.9128286178023517
3.918768847739321
4.735797249831989
5.292806977509374
5.639055861656787
5.846490611080329
5.969770141674432
6.043310322084957
6.087443066485604
6.114049565911423
6.1301341803440925
6.1398725029116035
6.145773197349421
6.149350110242864
6.151518897542337
6.152834075485812
6.153631677838569
6.154115414105877
6.154408802547339
6.15458674707464
6.154694674213365
6.154760134716768
6.154799838293807
6.154823919646654
6.1548385256953715
6.154847384701297
6.154852757955211
6.154856016997388
6.154857993705513
6.154859192639929
6.154859919829917
6.154860360893451
6.154860628411834
6.15486079066988
6.1548608890844365
6.154860948775327
6.154860984979605
6.154861006938174
6.154861020256927
6.1548610283357865
6.154861033235634
6.154861036207969
6.1548610380105755
6.154861039104246
6.15486103976778
6.154861040169417
6.1548610404135395
6.154861040560968
6.1548610406500766
6.154861040704546
6.154861040737768
6.1548610407577025
6.154861040769439
6.154861040776662
6.154861040781574
6.154861040784639
6.154861040785912
6.15486104078695
6.15486104078776
6.154861040788202
6.154861040788766
6.154861040788768
6.154861040788394
6.154861040788035
6.154861040787951
6.154861040787723
6.15486104078757
6.154861040787515
6.154861040787562
6.154861040787508
6.154861040787393
6.154861040787455
6.154861040787487
6.154861040787716
6.154861040787497
6.154861040787534
6.154861040787604
6.154861040787604
6.154861040787604
6.154861040787604
6.154861040787604
6.154861040787604
6.154861040787604
6.154861040787604
6.154861040787604
6.154861040787604
6.154861040787604
6.154861040787604
6.154861040787604
6.154861040787604
6.154861040787604
6.154861040787604
6.154861040787604
6.154861040787604
6.154861040787604
6.154861040787604
6.154861040787604
6.154861040787604
6.154861040787604
6.154861040787604
6.154861040787604
