-0.1621382823444359
-0.1621382823444359
-0.1621382823444359
-0.1621382823444359
-0.1621382823444359
-0.1621382823444359
-0.1621382823444359
-0.16213828234443556
-0.16213828234443498
-0.16213828234443592
-0.16213828234443498
-0.16213828234443556
-0.16213828234443595
-0.16213828234443592
-0.16213828234443498
-0.16213828234443556
-0.16213828234443556
-0.1621382823444353
-0.1621382823444353
-0.16213828234443525
-0.16213828234443511
-0.1621382823444356
-0.1621382823444281
-0.16213828234442937
-0.1621382823444343
-0.16213828234443525
-0.16213828234443484
-0.16213828234443528
-0.16213828234443248
-0.16213828234443628
-0.16213828234443942
-0.16213828234443728
-0.16213828234443822
-0.16213828234443844
-0.16213828234442268
-0.1621382823444168
-0.16213828234439742
-0.16213828234436525
-0.16213828234431177
-0.1621382823442361
-0.16213828234409783
-0.1621382823438925
-0.16213828234353217
-0.16213828234296485
-0.162138282342001
-0.16213828234043873
-0.16213828233785543
-0.16213828233360378
-0.16213828232658012
-0.16213828231500915
-0.16213828229592636
-0.16213828226446422
-0.1621382822125866
-0.16213828212705575
-0.16213828198605837
-0.16213828175358233
-0.16213828137027478
-0.16213828073831574
-0.1621382796963997
-0.1621382779785657
-0.16213827514634058
-0.1621382704767814
-0.16213826277799237
-0.1621382500848399
-0.1621382291573578
-0.16213819465378984
-0.16213813776701969
-0.16213804397657777
-0.1621378893423049
-0.1621376343934844
-0.162137214054008
-0.16213652103149187
-0.16213537843091097
-0.16213349460199122
-0.1621303886958365
-0.16212526792951548
-0.16211682523280513
-0.16210290563256705
-0.16207995623660984
-0.16204211947352445
-0.16197973826786446
-0.16187689195277577
-0.16170733492483255
-0.1614278039800539
-0.16096699297770928
-0.16020739898390648
-0.15895545368872951
-0.15689243488366925
-0.15349390484882963
-0.1478976712637526
-0.13868733957148713
-0.1235358240342016
-0.09861073047834529
-0.057565409887046746
0.010173024315526143
0.12216224578507677
0.3068756578330479
0.6082248019826123
1.0874752120424163
1.8072578163716226
2.7612971694958874
3.7824100015925946
4.636243875082052
5.2272619543194745
5.595016473853131
5.812618973572844
5.939120940371119
6.0127864240822255
6.056135636728723
6.081931033456107
6.097406488047469
6.106736568398957
6.112376938993675
6.115791717909533
6.117860715967271
6.119114861127581
6.119875264436909
6.120336373173361
6.12061601364896
6.12078561097135
6.1208884721093675
6.120950858767652
6.12098869753675
6.121011647670995
6.121025567542742
6.121034010339482
6.121039131143063
6.121042237062302
6.121044120896094
6.121045263498387
6.121045956522623
6.121046376862156
6.1210466318115415
6.121046786445544
6.121046880235214
6.121046937122748
6.121046971625558
6.121046992552142
6.121047005245946
6.121047012944666
6.121047017614548
6.121047020446899
6.121047022165189
6.121047023207977
6.121047023839289
6.121047024222596
6.121047024455292
6.121047024595846
6.12104702468096
6.121047024732391
6.121047024763579
6.121047024782663
6.121047024794334
6.121047024801165
6.1210470248065905
6.1210470248088775
6.121047024810324
6.121047024811067
6.121047024811808
6.121047024812142
6.121047024812355
6.121047024812517
6.121047024812283
6.12104702481214
6.121047024811475
6.121047024811291
6.121047024811336
6.121047024811395
6.1210470248116176
6.121047024811591
6.121047024811534
6.121047024811252
6.121047024811718
6.121047024811649
6.121047024811433
6.1210470248113
6.121047024811482
6.121047024811505
6.121047024811505
6.121047024811505
6.121047024811505
6.121047024811505
6.121047024811505
6.121047024811505
6.121047024811505
6.121047024811505
6.121047024811505
6.121047024811505
6.121047024811505
6.121047024811505
6.121047024811505
6.121047024811505
6.121047024811505
6.121047024811505
6.121047024811505
6.121047024811505
6.121047024811505
6.121047024811505
6.121047024811505
6.121047024811505
6.121047024811505
