-0.17833634680312113
-0.17833634680312113
-0.17833634680312113
-0.17833634680312113
-0.17833634680312113
-0.17833634680312113
-0.17833634680312113
-0.17833634680311866
-0.17833634680311947
-0.17833634680311902
-0.17833634680311947
-0.17833634680311866
-0.17833634680312208
-0.17833634680311963
-0.17833634680311947
-0.17833634680311802
-0.17833634680311802
-0.1783363468031198
-0.1783363468031198
-0.17833634680311974
-0.17833634680311897
-0.1783363468031128
-0.17833634680310373
-0.17833634680310584
-0.17833634680311194
-0.17833634680311755
-0.17833634680311575
-0.17833634680311514
-0.17833634680311622
-0.17833634680311936
-0.1783363468031098
-0.1783363468031192
-0.1783363468031138
-0.17833634680311322
-0.1783363468031049
-0.17833634680308152
-0.17833634680307797
-0.17833634680305552
-0.17833634680300686
-0.17833634680291233
-0.17833634680278204
-0.17833634680257526
-0.17833634680224522
-0.1783363468017047
-0.17833634680082414
-0.1783363467993413
-0.17833634679688948
-0.17833634679287744
-0.17833634678625096
-0.1783363467753439
-0.1783363467573284
-0.1783363467276344
-0.17833634667867754
-0.17833634659797387
-0.17833634646491403
-0.178336346245517
-0.17833634588380573
-0.1783363452874289
-0.17833634430416684
-0.17833634268307028
-0.17833634001029958
-0.1783363356036579
-0.1783363283383386
-0.17833631635985456
-0.1783362966106848
-0.17833626404981157
-0.1783362103660009
-0.1783361218563684
-0.1783359759286651
-0.17833573533460018
-0.1783353386621702
-0.17833468466025992
-0.17833360639433693
-0.17833182863693162
-0.17832889761740212
-0.17832406520204597
-0.17831609794733702
-0.17830296230438905
-0.17828130566906586
-0.17824560094199315
-0.178186736589616
-0.17808969324606366
-0.177929716301803
-0.17766601419295502
-0.17723139144363842
-0.17651521560808653
-0.17533548284686176
-0.17339311120397885
-0.1701973105418786
-0.16494367602262508
-0.1563135657453761
-0.1421377226801485
-0.11881941186655649
-0.08034860219222545
-0.016724442982066358
0.08828055318862758
0.26007552983377463
0.5375240368646245
0.9777514519091164
1.6480660495776498
2.5667344626643116
3.59827385567504
4.4994952894371165
5.140427430761907
5.544278979417009
5.7832733544887915
5.920173465490478
5.997677168708848
6.041803637699781
6.067323957830542
6.0823333887648285
6.091274239339972
6.096642838366951
6.099881029159963
6.101839009151579
6.103024485840025
6.1037427750126705
6.10417817525243
6.104442163388387
6.10460224555651
6.104699327609659
6.10475820620243
6.104793916168023
6.104815574731585
6.1048287110834325
6.104836678598516
6.104841511110356
6.104844442165038
6.104846219935283
6.104847298206314
6.104847952210011
6.1048483488831415
6.104848589477716
6.104848735405293
6.104848823914377
6.104848877597792
6.104848910158491
6.1048489299079
6.1048489418866385
6.104848949152103
6.104848953558711
6.104848956231917
6.104848957853719
6.104848958837041
6.104848959433466
6.104848959794915
6.104848960014263
6.1048489601471365
6.104848960227712
6.104848960276505
6.10484896030556
6.104848960323343
6.104848960334282
6.104848960341777
6.104848960345339
6.104848960347816
6.104848960349648
6.10484896035028
6.104848960350962
6.104848960351103
6.104848960351083
6.104848960351108
6.104848960351208
6.104848960351026
6.104848960350772
6.104848960350335
6.104848960350462
6.104848960350631
6.104848960350956
6.1048489603511005
6.104848960350776
6.104848960350698
6.104848960351049
6.104848960350736
6.104848960350743
6.104848960350546
6.104848960350698
6.104848960350758
6.104848960350802
6.104848960350802
6.104848960350802
6.104848960350802
6.104848960350802
6.104848960350802
6.104848960350802
6.104848960350802
6.104848960350802
6.104848960350802
6.104848960350802
6.104848960350802
6.104848960350802
6.104848960350802
6.104848960350802
6.104848960350802
6.104848960350802
6.104848960350802
6.104848960350802
6.104848960350802
6.104848960350802
6.104848960350802
6.104848960350802
