-0.17310330867715026
-0.17310330867715026
-0.17310330867715026
-0.17310330867715026
-0.17310330867715026
-0.17310330867715026
-0.17310330867714954
-0.17310330867714824
-0.17310330867714943
-0.17310330867714804
-0.17310330867714943
-0.17310330867714824
-0.1731033086771491
-0.17310330867715104
-0.17310330867714943
-0.17310330867714369
-0.17310330867714369
-0.17310330867714976
-0.1731033086771512
-0.1731033086771497
-0.17310330867714296
-0.17310330867713292
-0.17310330867713045
-0.17310330867713253
-0.1731033086771325
-0.1731033086771292
-0.17310330867713233
-0.17310330867713417
-0.17310330867713583
-0.1731033086771343
-0.1731033086771361
-0.17310330867712728
-0.17310330867713153
-0.17310330867712767
-0.1731033086771208
-0.17310330867710663
-0.1731033086771019
-0.17310330867708726
-0.17310330867704288
-0.1731033086769552
-0.17310330867682525
-0.17310330867662152
-0.17310330867632262
-0.17310330867581958
-0.17310330867499585
-0.17310330867360899
-0.17310330867132556
-0.1731033086675682
-0.17310330866139942
-0.1731033086511863
-0.17310330863436346
-0.17310330860663356
-0.1731033085608924
-0.17310330848552105
-0.17310330836123036
-0.17310330815629504
-0.1731033078184243
-0.17310330726136372
-0.1731033063429127
-0.1731033048286711
-0.17310330233206697
-0.1731032982159022
-0.17310329142948527
-0.1731032802405589
-0.17310326179316993
-0.1731032313785542
-0.1731031812333391
-0.17310309855788145
-0.17310296224911723
-0.17310273751408362
-0.1731023669889573
-0.17310175609718523
-0.1731007489092493
-0.1730990883434277
-0.17309635055053002
-0.17309183674007442
-0.17308439485237878
-0.17307212560037596
-0.17305189796482828
-0.17301855078573233
-0.17296357750474228
-0.17287296061614466
-0.17272360913973694
-0.17247750572822898
-0.17207211034946726
-0.17140467148078198
-0.17030666764161104
-0.168502292428807
-0.16554092716903535
-0.16068592600486187
-0.15272630485577116
-0.13964883969233155
-0.1180757037459829
-0.0823929816527746
-0.02361623032155076
0.072005462257668
0.22550062547155494
0.47063499928120117
0.8612365066159163
1.468215478884566
2.3340505049437343
3.365534349060749
4.3211432799097125
5.027607021901732
5.482217286371018
5.754631448681902
5.911176145171958
5.99858368400705
6.046738743791258
6.073418914334697
6.088495034761542
6.097214228599979
6.102353067939188
6.105419580646428
6.107262749883655
6.108375041720161
6.109047739180978
6.109455069410577
6.109701884658039
6.1098514980097365
6.10994221123743
6.109997219960232
6.110030580178376
6.110050812610203
6.1100630836265
6.110070526163907
6.110075040212126
6.110077778093574
6.110079438692135
6.110080445892372
6.110081056787575
6.11008142731455
6.110081652049709
6.110081788358754
6.11008187103412
6.110081921177919
6.11008195159282
6.1100819700418665
6.110081981230003
6.11008198801688
6.110081992133496
6.1100819946304945
6.110081996144825
6.110081997063227
6.110081997620682
6.110081997958262
6.110081998162577
6.110081998287387
6.110081998362487
6.11008199840856
6.110081998435861
6.110081998452323
6.110081998462644
6.110081998469103
6.110081998472117
6.11008199847455
6.110081998476275
6.110081998477367
6.1100819984776695
6.110081998477493
6.110081998477438
6.110081998477447
6.110081998477688
6.110081998477529
6.110081998478068
6.110081998477778
6.110081998477712
6.110081998478029
6.110081998477958
6.110081998477997
6.110081998478062
6.110081998478347
6.110081998477581
6.110081998478005
6.110081998477983
6.1100819984780035
6.110081998478004
6.110081998477941
6.110081998478121
6.1100819984782
6.1100819984782
6.1100819984782
6.1100819984782
6.1100819984782
6.1100819984782
6.1100819984782
6.1100819984782
6.1100819984782
6.1100819984782
6.1100819984782
6.1100819984782
6.1100819984782
6.1100819984782
6.1100819984782
6.1100819984782
6.1100819984782
6.1100819984782
6.1100819984782
6.1100819984782
6.1100819984782
6.1100819984782
