-0.14780593305920497
-0.14780593305920497
-0.14780593305920497
-0.14780593305920497
-0.14780593305920497
-0.14780593305920403
-0.14780593305920398
-0.14780593305920584
-0.1478059330592034
-0.14780593305920414
-0.1478059330592034
-0.14780593305920584
-0.14780593305920167
-0.14780593305920112
-0.14780593305920237
-0.1478059330592023
-0.1478059330592023
-0.1478059330592027
-0.14780593305920117
-0.14780593305920137
-0.14780593305918868
-0.1478059330591826
-0.14780593305918546
-0.14780593305918138
-0.1478059330591786
-0.14780593305916387
-0.14780593305917294
-0.14780593305917658
-0.1478059330591757
-0.14780593305917689
-0.1478059330591782
-0.14780593305916284
-0.1478059330591669
-0.14780593305915735
-0.1478059330591612
-0.1478059330591737
-0.14780593305915835
-0.1478059330591329
-0.14780593305909473
-0.1478059330590229
-0.147805933058905
-0.14780593305873252
-0.1478059330584408
-0.14780593305797682
-0.14780593305719666
-0.14780593305593195
-0.14780593305383563
-0.1478059330503754
-0.14780593304465758
-0.1478059330352347
-0.14780593301971545
-0.1478059329941138
-0.14780593295191416
-0.14780593288231314
-0.1478059327675794
-0.1478059325784395
-0.14780593226656524
-0.14780593175240425
-0.14780593090468988
-0.14780592950697197
-0.14780592720259209
-0.14780592340330845
-0.1478059171393272
-0.14780590681178124
-0.14780588978451967
-0.14780586171134416
-0.14780581542650728
-0.14780573911575964
-0.14780561330070616
-0.14780540586703994
-0.14780506386749923
-0.1478045000076638
-0.14780357036566538
-0.14780203766060018
-0.1477995106992456
-0.14779534455854385
-0.14778847606414894
-0.14777715267414424
-0.1477584858465299
-0.14772771564589737
-0.14767700091225322
-0.14759343158491553
-0.14745576995172072
-0.1472291249564754
-0.14685628717608748
-0.14624370493249042
-0.1452388735405522
-0.1435937384400431
-0.14090417103280825
-0.13650559510262916
-0.1292869040522823
-0.11737070017000319
-0.0976452141339526
-0.06525375243575815
-0.013120810619570676
0.06913126114057358
0.1986027676559324
0.4056844120788137
0.7410421629503037
1.2759297716386637
2.0727078377921124
3.0869493991521675
4.096936933949116
4.883002143148371
5.402934822143237
5.719979872733544
5.905257887175238
6.0098516814862055
6.067005142433933
6.0976049092585605
6.114011723158682
6.123000434686012
6.128075133417763
6.131018152173934
6.132757338430848
6.13379689866036
6.134422276383791
6.1347998241638635
6.135028202264624
6.135166501526065
6.135250305431191
6.135301106462895
6.1353319084114535
6.135350586917567
6.135361914604369
6.135368784679412
6.135372951401133
6.13537547857656
6.1353770113612525
6.135377941031692
6.135378504902112
6.1353788469047394
6.135379054339604
6.135379180154834
6.135379256465779
6.135379302750666
6.13537933082405
6.135379347851749
6.135379358179423
6.135379364443547
6.135379368243853
6.135379370548358
6.135379371945302
6.1353793727929835
6.1353793733069955
6.135379373619376
6.135379373808482
6.135379373923358
6.135379373993252
6.135379374035384
6.135379374061127
6.13537937407681
6.135379374086306
6.135379374090482
6.135379374094506
6.135379374096431
6.135379374097156
6.135379374098374
6.135379374098824
6.135379374098704
6.135379374098652
6.135379374098737
6.135379374098836
6.135379374099283
6.135379374099552
6.13537937410002
6.135379374099952
6.135379374099773
6.135379374099741
6.135379374099464
6.135379374100347
6.13537937410001
6.135379374099672
6.135379374099721
6.13537937409998
6.1353793741002915
6.135379374099988
6.135379374099994
6.135379374100238
6.135379374100544
6.135379374100597
6.135379374100597
6.135379374100597
6.135379374100597
6.135379374100597
6.135379374100597
6.135379374100597
6.135379374100597
6.135379374100597
6.135379374100597
6.135379374100597
6.135379374100597
6.135379374100597
6.135379374100597
6.135379374100597
6.135379374100597
6.135379374100597
6.135379374100597
6.135379374100597
6.135379374100597
6.135379374100597
