-0.10864844463876405
-0.10864844463876405
-0.10864844463876405
-0.10864844463876405
-0.10864844463876445
-0.10864844463876633
-0.10864844463876698
-0.10864844463876501
-0.10864844463876924
-0.10864844463876722
-0.10864844463876924
-0.10864844463876486
-0.10864844463876472
-0.10864844463875661
-0.10864844463876422
-0.10864844463876973
-0.10864844463876973
-0.10864844463876432
-0.1086484446387571
-0.10864844463875352
-0.10864844463874855
-0.10864844463874922
-0.10864844463874555
-0.10864844463873777
-0.10864844463873743
-0.10864844463873653
-0.10864844463873048
-0.1086484446387331
-0.10864844463873426
-0.10864844463874031
-0.1086484446387262
-0.10864844463873564
-0.10864844463871746
-0.1086484446387158
-0.1086484446387282
-0.10864844463873086
-0.10864844463873408
-0.10864844463870621
-0.10864844463865998
-0.10864844463860687
-0.10864844463852738
-0.10864844463835602
-0.10864844463810534
-0.10864844463766771
-0.10864844463694955
-0.10864844463580267
-0.10864844463390332
-0.10864844463076599
-0.10864844462553752
-0.10864844461698947
-0.1086484446028764
-0.10864844457960295
-0.10864844454123158
-0.10864844447793283
-0.10864844437360954
-0.10864844420162585
-0.1086484439180809
-0.10864844345059196
-0.10864844267979698
-0.10864844140897541
-0.10864843931376844
-0.10864843585933422
-0.10864843016394536
-0.1086484207738201
-0.10864840529210669
-0.10864837976711161
-0.10864833768354787
-0.1086482682995677
-0.10864815390501903
-0.10864796530094616
-0.10864765434726613
-0.1086471416763393
-0.10864629643861617
-0.10864490291453616
-0.10864260548309872
-0.10863881793441695
-0.10863257406984413
-0.10862228170498821
-0.10860531795506523
-0.10857736429546051
-0.10853131642574149
-0.10845550304309103
-0.1083307900102219
-0.10812590491132393
-0.10778994754496243
-0.10724044751938941
-0.10634414343121085
-0.10488484738850665
-0.10250618897240443
-0.09860588334704898
-0.09215445198121922
-0.081454616207781
-0.06396730330681807
-0.03631153559329785
0.006041598419893226
0.07075250026188372
0.17302446903547913
0.3409581587391698
0.6207471765043919
1.0805334703195804
1.795503148145997
2.7696010331968415
3.823486476955843
4.699118388032848
5.299094147920895
5.671587031444236
5.893153421221689
6.021380373654774
6.093092070453553
6.131604411474607
6.1516445430848865
6.161993643047379
6.167443207295995
6.170417203954618
6.172100507944163
6.173080111981058
6.173660403391751
6.17400771102305
6.174216775004438
6.174343025841286
6.174419405016849
6.174465661039819
6.174493691275627
6.174510683197462
6.174520985925759
6.174527233601988
6.174531022554356
6.174533320501484
6.174534714215208
6.17453555952209
6.174536072219174
6.174536383181676
6.174536571788847
6.174536686184452
6.174536755568493
6.174536797653753
6.174536823178949
6.174536838659307
6.174536848050777
6.174536853746431
6.174536857200979
6.174536859296081
6.174536860566602
6.174536861336614
6.17453686180395
6.174536862088187
6.1745368622608865
6.17453686236506
6.174536862428838
6.174536862467117
6.1745368624910695
6.174536862505951
6.174536862513362
6.1745368625175905
6.17453686252103
6.174536862522532
6.1745368625230945
6.174536862523431
6.174536862524227
6.174536862524393
6.174536862524437
6.174536862524592
6.174536862524882
6.174536862525298
6.174536862525526
6.174536862525892
6.17453686252635
6.174536862525849
6.174536862525705
6.174536862525883
6.1745368625262795
6.174536862525971
6.174536862526221
6.174536862525771
6.174536862526121
6.174536862526671
6.174536862526532
6.174536862526523
6.174536862526754
6.174536862526804
6.174536862526835
6.174536862526835
6.174536862526835
6.174536862526835
6.174536862526835
6.174536862526835
6.174536862526835
6.174536862526835
6.174536862526835
6.174536862526835
6.174536862526835
6.174536862526835
6.174536862526835
6.174536862526835
6.174536862526835
6.174536862526835
6.174536862526835
6.174536862526835
6.174536862526835
6.174536862526835
6.174536862526835
